   0.00000  -0.00000  -0.00000   0.00000  12.83341  12.83341  29.95276  50.23115  50.23115  54.17553  54.17553  68.50605  69.64904
   1.00000   1.21243   2.38038   3.38522  12.93500  13.10387  29.94332  47.22382  50.22236  54.20522  54.22740  69.64675  70.65264
   2.00000   3.44100   4.72030   6.26368  13.22350  13.86741  29.91557  47.30700  50.20129  54.29876  54.37464  69.64292  70.71449
   3.00000   5.32503   6.97951   9.17313  13.65638  15.00440  29.87055  47.44696  50.18256  54.46877  54.59532  69.64558  70.80928
   4.00000   6.97390   9.11867  12.05346  14.18305  16.36995  29.80834  47.64591  50.18727  54.73359  54.86206  69.66447  70.92534
   5.00000   8.38433  11.10099  14.57709  15.02644  17.82721  29.72657  47.90829  50.23957  55.11298  55.15162  69.70655  71.04768
   6.00000   9.54666  12.89472  15.24092  17.59639  19.25967  29.61973  48.24329  50.36281  55.45291  55.62239  69.77149  71.15919
   7.00000  10.46126  14.47634  15.77244  20.08413  20.57249  29.47973  48.66790  50.57524  55.77071  56.26713  69.84904  71.24199
   8.00000  11.14832  15.83370  16.26876  21.69179  22.31967  29.29721  49.20798  50.88613  56.12323  57.03872  69.91948  71.27881
   9.00000  11.65439  16.73145  16.96845  22.56559  24.23377  29.06281  49.89469  51.29395  56.53380  57.91481  69.95686  71.25438
  10.00000  12.05051  17.15874  17.89667  23.16590  25.77032  28.76765  50.75530  51.78767  57.01947  58.86231  69.93368  71.15678
  11.00000  12.42060  17.54970  18.64736  23.48966  26.89455  28.40395  51.80130  52.34996  57.58132  59.84215  69.82548  70.97868
  12.00000  12.84514  17.90833  19.25809  23.55563  27.59993  27.96742  52.95991  53.01935  58.20106  60.81399  69.61423  70.71859
  13.00000  13.38534  18.24592  19.76725  23.39853  27.46153  27.90739  53.59363  54.37011  58.84461  61.74030  69.29069  70.38203
  14.00000  14.07147  18.58169  20.19917  23.06933  26.90043  27.85730  54.22393  55.79365  59.46956  62.59024  68.85598  69.98280
  15.00000  14.89699  18.94329  20.52765  22.66101  26.30839  27.49958  54.82035  57.21506  60.03186  63.34443  68.32319  69.54448
  16.00000  15.81773  19.36785  20.58882  22.38706  25.71985  26.88755  55.35015  58.54404  60.48891  64.00196  67.71974  69.10228
  17.00000  16.75589  19.89930  20.18686  22.45706  25.19352  26.07897  55.77978  59.66992  60.79850  64.58526  67.09077  68.70691
  18.00000  17.61957  19.48341  20.55833  22.63595  24.86246  25.15251  56.07715  60.47272  60.91609  65.11660  66.50131  68.43728
  19.00000  18.34897  18.68544  21.22224  22.55494  24.28739  24.93635  56.21460  60.80036  60.88324  65.52770  66.02773  68.42920
  20.00000  17.71253  19.27371  20.48888  22.89643  24.02554  25.47840  56.10802  60.45658  60.95275  65.29548  66.11013  68.75303
  21.00000  17.01843  19.07368  19.95930  22.80085  23.88400  26.36900  55.84523  59.82833  60.88102  65.23025  65.73269  69.71569
  22.00000  16.35016  17.67898  20.29778  21.96292  24.27427  27.20279  55.44503  59.10267  60.73083  65.09658  65.40671  70.86756
  23.00000  15.61609  16.24966  20.57797  20.96275  24.63015  27.92780  54.94725  58.39667  60.59167  64.49558  65.58229  71.99887
  24.00000  14.25319  15.50942  19.88324  20.81944  24.87735  28.52509  54.41211  57.77861  60.52254  63.85750  65.81041  73.01578
  25.00000  12.69716  15.16408  18.86577  20.97188  25.02633  28.98774  53.90923  57.28011  60.55378  63.23160  66.02689  73.86080
  26.00000  11.32904  15.00061  17.97317  21.07429  25.10402  29.31517  53.50234  56.91547  60.68939  62.65069  66.20099  74.49319
  27.00000  10.36995  14.97215  17.32603  21.13254  25.13769  29.50981  53.23914  56.69305  60.89617  62.16927  66.31300  74.88424
  28.00000  10.02079  14.98634  17.07889  21.15140  25.14661  29.57431  53.14825  56.61826  61.02889  61.94384  66.35158  75.01654
  29.00000  10.72859  14.88690  17.21839  21.86734  25.62562  29.86928  53.02509  56.29649  60.87213  61.75077  66.30810  74.78773
  30.00000  11.54092  14.52794  17.36300  22.83017  25.93503  30.01080  52.79248  55.53529  60.57463  61.38826  66.43401  74.55732
  31.00000  12.38202  14.08135  17.46421  23.77366  26.09283  29.96428  52.47274  54.47704  60.15123  60.82453  66.70658  74.32449
  32.00000  13.18523  13.62512  17.46915  24.44025  26.16355  29.72101  52.09407  53.28228  59.62240  60.08036  67.07209  74.07640
  33.00000  13.17426  13.89417  17.32434  24.56727  26.19303  29.35443  51.68875  52.08990  59.01352  59.22215  67.47363  73.79710
  34.00000  12.70802  14.46260  16.98014  24.14845  25.85938  29.10008  51.00381  51.29018  58.32947  58.35365  67.87019  73.47524
  35.00000  12.18605  14.85356  16.39689  23.33519  24.80634  29.13091  50.08385  50.92906  57.47413  57.67375  68.23843  73.10854
  36.00000  11.55936  15.01955  15.57080  22.16477  23.17620  29.30514  49.34383  50.62928  56.70919  57.00435  68.56773  72.70500
  37.00000  10.77902  14.32676  15.11546  20.43842  21.40938  29.48336  48.76345  50.40472  56.06290  56.37307  68.85490  72.28191
  38.00000   9.80323  12.91205  14.90881  18.05337  19.79802  29.62459  48.30932  50.25792  55.53842  55.80237  69.09979  71.86327
  39.00000   8.60250  11.21215  14.56470  15.32796  18.19694  29.72949  47.95211  50.18104  55.12090  55.30826  69.30202  71.47633
  40.00000   7.16227   9.27165  12.42838  14.12236  16.61535  29.80829  47.67293  50.15856  54.78970  54.90023  69.45899  71.14760
  41.00000   5.48103   7.13240   9.44230  13.65054  15.15058  29.86890  47.46171  50.17083  54.52985  54.58253  69.56650  70.89828
  42.00000   3.55723   4.84078   6.43504  13.22967  13.93644  29.91411  47.31343  50.19769  54.33729  54.35613  69.62456  70.73732
  43.00000   1.28803   2.44628   3.46682  12.93790  13.12195  29.94283  47.22541  50.22173  54.21679  54.22063  69.64539  70.65511
  44.00000  -0.00000  -0.00000   0.00000  12.83341  12.83341  29.95276  50.23115  50.23115  54.17553  54.17553  68.50605  69.64904
  45.00000   2.48168   2.48168   3.76331  12.92975  12.92975  29.91045  50.22469  50.22469  54.10118  54.10118  68.47709  69.59486
  46.00000   4.88946   4.88946   7.45644  13.19798  13.19798  29.77364  50.21047  50.21047  53.88361  53.88361  68.39489  69.43887
  47.00000   7.15061   7.15061  11.01044  13.58066  13.58066  29.51380  50.20339  50.20339  53.53907  53.53907  68.27320  69.20016
  48.00000   9.19552   9.19552  13.99584  13.99584  14.35909  29.08676  50.22604  50.22604  53.09413  53.09413  68.13352  68.90846
  49.00000  10.96115  10.96115  14.35034  14.35034  17.44111  28.43803  50.30508  50.30508  52.58430  52.58430  68.00296  68.60064
  50.00000  12.39624  12.39624  14.55083  14.55083  20.20339  27.51005  50.46575  50.46575  52.05145  52.05145  67.91077  68.31552
  51.00000  13.46773  13.46773  14.51256  14.51256  22.60503  26.25080  50.72544  50.72544  51.53938  51.53938  67.88367  68.08754
  52.00000  14.16686  14.16686  14.16686  14.16687  24.62198  24.62198  51.08774  51.08774  51.08774  51.08774  67.94053  67.94053
  53.00000  14.27465  14.27465  14.34322  14.34322  24.67876  24.67876  51.03914  51.03914  51.11632  51.11632  68.02598  68.02598
  54.00000  14.57971  14.57971  14.83809  14.83809  24.85185  24.85185  50.90323  50.90323  51.20724  51.20724  68.27106  68.27106
  55.00000  15.03159  15.03159  15.56059  15.56059  25.14871  25.14871  50.70700  50.70700  51.37474  51.37474  68.64529  68.64529
  56.00000  15.55834  15.55834  16.39125  16.39125  25.57830  25.57830  50.48850  50.48850  51.63874  51.63874  69.10690  69.10690
  57.00000  16.07741  16.07741  17.21424  17.21424  26.14365  26.14365  50.29093  50.29093  52.01972  52.01972  69.61093  69.61093
  58.00000  16.50457  16.50457  17.94743  17.94743  26.82880  26.82880  50.15863  50.15863  52.53292  52.53292  70.11493  70.11493
  59.00000  16.76517  16.76517  18.55914  18.55914  27.58679  27.58679  50.13429  50.13429  53.18335  53.18335  70.58186  70.58186
  60.00000  16.81343  16.81343  19.05700  19.05700  28.34172  28.34172  50.25535  50.25535  53.96319  53.96319  70.98124  70.98124
  61.00000  16.64800  16.64800  19.46026  19.46026  29.00761  29.00761  50.54810  50.54810  54.85212  54.85212  71.28951  71.28951
  62.00000  16.30677  16.30677  19.78557  19.78557  29.51174  29.51174  51.02027  51.02027  55.82053  55.82053  71.49018  71.49018
  63.00000  15.84828  15.84828  20.04954  20.04954  29.80987  29.80987  51.65538  51.65538  56.83404  56.83404  71.57400  71.57400
  64.00000  15.33526  15.33526  20.27367  20.27367  29.88942  29.88942  52.41268  52.41268  57.85803  57.85803  71.53925  71.53925
  65.00000  14.82400  14.82400  20.48550  20.48550  29.76350  29.76350  53.23331  53.23331  58.86092  58.86092  71.39226  71.39226
  66.00000  14.35767  14.35767  20.71599  20.71599  29.46166  29.46166  54.04975  54.04975  59.81528  59.81528  71.14831  71.14831
  67.00000  13.96308  13.96308  20.99307  20.99307  29.02300  29.02300  54.79533  54.79533  60.69569  60.69570  70.83321  70.83321
  68.00000  13.65198  13.65198  21.33081  21.33081  28.49495  28.49495  55.41271  55.41271  61.47282  61.47282  70.48581  70.48581
  69.00000  13.42647  13.42647  21.71376  21.71376  27.93943  27.93943  55.86112  55.86112  62.10456  62.10456  70.16118  70.16118
  70.00000  13.28572  13.28572  22.07590  22.07590  27.44878  27.44878  56.12166  56.12167  62.53086  62.53086  69.93002  69.93002
  71.00000  13.23006  13.23006  22.28446  22.28446  27.16184  27.16184  56.19884  56.19884  62.68605  62.68605  69.86335  69.86335
  72.00000  13.23749  13.23749  22.03339  22.03339  27.34574  27.34574  56.13859  56.13859  62.52558  62.52558  69.98586  69.98586
  73.00000  13.24565  13.24565  21.40793  21.40793  27.69933  27.69933  55.98588  55.98588  62.07836  62.07836  70.35566  70.35566
  74.00000  13.25819  13.25819  20.51944  20.51944  28.10993  28.10993  55.80158  55.80158  61.42466  61.42466  70.88441  70.88441
  75.00000  13.28439  13.28439  19.47594  19.47594  28.49294  28.49294  55.64727  55.64728  60.64936  60.64936  71.47548  71.47548
  76.00000  13.33841  13.33841  18.37031  18.37031  28.80558  28.80558  55.57555  55.57555  59.82059  59.82059  72.05066  72.05066
  77.00000  13.43811  13.43811  17.28986  17.28986  29.03494  29.03494  55.62270  55.62270  58.99241  58.99241  72.55210  72.55210
  78.00000  13.60034  13.60034  16.32335  16.32335  29.18545  29.18545  55.80281  55.80281  58.21417  58.21417  72.93832  72.93832
  79.00000  13.81655  13.81655  15.57653  15.57653  29.26863  29.26863  56.09066  56.09067  57.55224  57.55224  73.18108  73.18108
  80.00000  13.95267  13.95267  15.25472  15.25472  29.29498  29.29498  56.29791  56.29791  57.21787  57.21787  73.26382  73.26382
  81.00000  14.36022  14.36022  15.66524  15.66524  29.68070  29.68070  56.03779  56.03779  57.06139  57.06139  73.11679  73.11679
  82.00000  14.86079  14.86079  16.16616  16.16616  29.98584  29.98584  55.53501  55.53502  56.76788  56.76788  72.95674  72.95674
  83.00000  15.40304  15.40304  16.71765  16.71765  30.17617  30.17617  54.83054  54.83054  56.35324  56.35324  72.78216  72.78216
  84.00000  15.93370  15.93370  17.27257  17.27257  30.21914  30.21914  53.99072  53.99072  55.83938  55.83938  72.58169  72.58169
  85.00000  16.40161  16.40161  17.78040  17.78040  30.08623  30.08623  53.09891  53.09892  55.25346  55.25347  72.33997  72.33997
  86.00000  16.76106  16.76106  18.19014  18.19014  29.75865  29.75865  52.24375  52.24375  54.62654  54.62654  72.04324  72.04324
  87.00000  16.97491  16.97491  18.45225  18.45225  29.23704  29.23704  51.50521  51.50521  53.99141  53.99141  71.68308  71.68308
  88.00000  17.01818  17.01818  18.52078  18.52078  28.55171  28.55171  50.94107  50.94107  53.37981  53.37981  71.25836  71.25836
  89.00000  16.88181  16.88181  18.35772  18.35772  27.76649  27.76649  50.57807  50.57807  52.81927  52.81927  70.77585  70.77585
  90.00000  16.57618  16.57618  17.94392  17.94392  26.96794  26.96794  50.41130  50.41130  52.33025  52.33025  70.25034  70.25034
  91.00000  16.13336  16.13336  17.29712  17.29712  26.23989  26.23989  50.41054  50.41054  51.92460  51.92460  69.70463  69.70463
  92.00000  15.60701  15.60701  16.48718  16.48718  25.63749  25.63749  50.52900  50.52900  51.60556  51.60557  69.16950  69.16950
  93.00000  15.06885  15.06885  15.63228  15.63228  25.18038  25.18038  50.71096  50.71097  51.36969  51.36969  68.68323  68.68323
  94.00000  14.60060  14.60060  14.87530  14.87530  24.86535  24.86535  50.89808  50.89808  51.20971  51.20971  68.28935  68.28935
  95.00000  14.28066  14.28066  14.35330  14.35330  24.68204  24.68204  51.03670  51.03670  51.11769  51.11769  68.03084  68.03084
  96.00000  14.16686  14.16686  14.16686  14.16687  24.62198  24.62198  51.08774  51.08774  51.08774  51.08774  67.94053  67.94053
