   0.00000  -0.00000  -0.00000   0.00000  12.11801  12.11801  31.22180  49.74083  49.74083  54.38847  54.38847  68.01912  70.14817
   1.00000   1.27929   2.32955   3.38199  12.22740  12.40033  31.20211  49.73647  51.26785  54.41640  54.44974  66.91459  70.13331
   2.00000   3.50782   4.61387   6.26514  12.53767  13.19280  31.14418  49.72797  51.23581  54.50952  54.62477  67.05025  70.09302
   3.00000   5.43861   6.80865   9.14511  13.00344  14.36210  31.05054  49.72810  51.18319  54.69155  54.88996  67.26008  70.03916
   4.00000   7.17242   8.87182  11.93676  13.58483  15.75300  30.92274  49.75532  51.11872  54.98975  55.21416  67.52271  69.98801
   5.00000   8.70013  10.76574  13.96346  14.85101  17.22620  30.75901  49.83030  51.06432  55.42367  55.56810  67.81307  69.95551
   6.00000   9.99628  12.45975  14.63795  17.30579  18.67030  30.55298  49.97173  51.05557  55.93302  55.99871  68.10507  69.95163
   7.00000  11.03524  13.93303  15.22706  19.62392  20.00131  30.29428  50.19205  51.13751  56.30591  56.70546  68.37370  69.97585
   8.00000  11.80983  15.17689  15.81067  21.15962  21.68056  29.97075  50.49431  51.35825  56.69867  57.52192  68.59639  70.01549
   9.00000  12.35474  16.19632  16.39410  22.10738  23.41943  29.57145  50.87183  51.76135  57.13091  58.41691  68.75389  70.04776
  10.00000  12.75084  16.95857  17.01017  22.82585  24.80027  29.08994  51.31069  52.37719  57.61914  59.35387  68.83094  70.04434
  11.00000  13.10191  17.47930  17.64990  23.31109  25.80244  28.52771  51.79365  53.21498  58.16740  60.29458  68.81682  69.97668
  12.00000  13.50661  17.94183  18.15610  23.56761  26.42790  27.89798  52.30249  54.25873  58.76382  61.20259  68.70585  69.82040
  13.00000  14.03983  18.34694  18.57239  23.60191  26.69846  27.22903  52.81824  55.46928  59.38349  62.04631  68.49799  69.55829
  14.00000  14.74187  18.70925  18.93603  23.42194  26.56317  26.64830  53.32034  56.79016  59.99475  62.80251  68.19944  69.18222
  15.00000  15.61281  19.05654  19.26400  23.05171  25.94553  26.31593  53.78646  58.15120  60.56466  63.46217  67.82310  68.69476
  16.00000  16.60772  19.43522  19.53086  22.56159  25.40769  25.73893  54.19331  59.46289  61.06103  64.04309  67.38864  68.11141
  17.00000  17.62248  19.63714  19.92973  22.08800  24.95237  24.97508  54.51840  60.59728  61.44959  64.61388  66.92061  67.46485
  18.00000  18.48943  19.44046  20.67215  21.76387  23.99077  24.70433  54.74223  61.38407  61.68581  65.30262  66.44388  66.81218
  19.00000  18.95411  19.11005  21.51500  21.69727  22.90749  24.68980  54.85083  61.70677  61.71639  65.92335  66.24057  66.24999
  20.00000  18.45042  19.39810  20.55493  21.84567  23.54401  24.89619  54.77827  61.42908  61.68126  65.50593  65.74938  67.35519
  21.00000  17.72187  18.98994  19.93156  21.49472  24.23337  25.53998  54.62168  60.84230  61.47214  64.94062  65.57001  68.63806
  22.00000  16.96359  17.62309  20.02713  20.79567  24.88912  26.27554  54.40040  60.07794  61.20653  64.35166  65.62086  69.88273
  23.00000  15.92973  16.44090  19.68921  20.35653  25.41926  26.94294  54.13830  59.27640  60.96617  63.76804  65.77681  71.02612
  24.00000  14.42759  15.80866  18.77897  20.38796  25.79987  27.49407  53.86247  58.53757  60.79983  63.20324  65.96517  72.02326
  25.00000  12.96359  15.37018  17.83827  20.43740  26.04543  27.91630  53.60214  57.92368  60.72994  62.67464  66.14384  72.83827
  26.00000  11.71692  15.11958  16.99383  20.47015  26.18668  28.21064  53.38717  57.47020  60.75674  62.20675  66.28713  73.44229
  27.00000  10.86075  15.05335  16.35379  20.48765  26.25575  28.38321  53.24487  57.19419  60.85183  61.84225  66.37907  73.81372
  28.00000  10.55290  15.07293  16.08994  20.49306  26.27597  28.43995  53.19501  57.10177  60.91866  61.68489  66.41070  73.93906
  29.00000  11.07898  15.20198  16.25571  21.21611  26.41146  28.69477  53.06243  56.78580  60.79139  61.57623  66.32322  73.78037
  30.00000  11.72842  15.01831  16.43806  22.29298  26.33869  28.86094  52.81318  56.11744  60.52439  61.40161  66.27675  73.58464
  31.00000  12.42827  14.71120  16.58910  23.42174  26.07097  28.91670  52.46894  55.22929  60.13187  61.07203  66.30792  73.35026
  32.00000  13.10977  14.36127  16.65627  24.33617  25.63279  28.89025  52.05765  54.25861  59.63370  60.55117  66.42749  73.06909
  33.00000  13.71200  13.97551  16.58625  24.60880  25.18431  28.90607  51.61186  53.32184  59.05467  59.87237  66.61364  72.73306
  34.00000  13.52559  14.18224  16.33048  23.92909  24.78242  29.12489  51.16602  52.50855  58.42326  59.10202  66.83351  72.34007
  35.00000  12.96906  14.47047  15.85659  22.88440  23.83030  29.51421  50.75272  51.87507  57.76983  58.30663  67.05930  71.89785
  36.00000  12.26170  14.47354  15.21066  21.56386  22.40335  29.92429  50.39848  51.43999  57.12444  57.53818  67.26916  71.42677
  37.00000  11.36584  13.79055  14.76799  19.83256  20.78802  30.27322  50.12013  51.18790  56.51436  56.83051  67.44044  70.96194
  38.00000  10.25585  12.50895  14.45149  17.61931  19.18383  30.54590  49.92290  51.08097  55.96192  56.20160  67.54293  70.55370
  39.00000   8.92082  10.90254  14.03503  15.07024  17.57430  30.75500  49.80103  51.07258  55.48323  55.65914  67.54272  70.25805
  40.00000   7.36377   9.03927  12.30565  13.53357  15.98356  30.91772  49.74030  51.11778  55.08803  55.20716  67.42971  70.10508
  41.00000   5.59651   6.96684   9.40483  13.01152  14.50064  31.04533  49.72183  51.17975  54.78074  54.85022  67.24394  70.07043
  42.00000   3.62432   4.73457   6.43394  12.55043  13.25907  31.14075  49.72605  51.23356  54.56225  54.59338  67.05366  70.09677
  43.00000   1.35294   2.39443   3.46375  12.23195  12.41788  31.20104  49.73614  51.26724  54.43181  54.43952  66.91688  70.13287
  44.00000  -0.00000  -0.00000   0.00000  12.11801  12.11801  31.22180  49.74083  49.74083  54.38847  54.38847  68.01912  70.14817
  45.00000   2.31452   2.31452   3.98345  12.20030  12.20030  31.18838  49.74766  49.74766  54.31409  54.31409  67.99244  70.07645
  46.00000   4.55795   4.55795   7.89288  12.42918  12.42918  31.07658  49.77241  49.77241  54.09591  54.09591  67.91747  69.86916
  47.00000   6.66096   6.66096  11.65508  12.75491  12.75491  30.85295  49.82714  49.82714  53.74864  53.74864  67.80909  69.54940
  48.00000   8.55838   8.55838  13.10605  13.10605  15.19885  30.46551  49.92967  49.92967  53.29627  53.29627  67.69087  69.15351
  49.00000  10.19283  10.19283  13.40084  13.40084  18.45708  29.84983  50.09989  50.09989  52.77086  52.77086  67.59276  68.72725
  50.00000  11.51952  11.51952  13.55692  13.55692  21.37026  28.93752  50.35495  50.35495  52.21041  52.21041  67.54741  68.31966
  51.00000  12.51165  12.51165  13.49889  13.49889  23.89133  27.66660  50.70383  50.70383  51.65522  51.65523  67.58480  67.97518
  52.00000  13.16480  13.16480  13.16480  13.16480  25.99170  25.99171  51.14309  51.14309  51.14309  51.14309  67.72564  67.72564
  53.00000  13.28480  13.28480  13.37122  13.37122  26.01433  26.01433  51.15636  51.15636  51.17199  51.17199  67.76609  67.76609
  54.00000  13.62324  13.62324  13.95043  13.95043  26.08722  26.08722  51.18298  51.18298  51.26916  51.26916  67.88961  67.88961
  55.00000  14.12177  14.12177  14.79821  14.79821  26.22376  26.22376  51.20020  51.20020  51.45341  51.45341  68.09963  68.09963
  56.00000  14.70010  14.70010  15.78100  15.78100  26.44148  26.44149  51.19544  51.19544  51.74146  51.74146  68.39414  68.39414
  57.00000  15.27130  15.27130  16.76959  16.76959  26.75495  26.75495  51.17511  51.17511  52.14556  52.14556  68.76033  68.76033
  58.00000  15.75267  15.75267  17.66552  17.66552  27.16503  27.16503  51.16574  51.16574  52.67097  52.67097  69.17402  69.17402
  59.00000  16.07436  16.07436  18.41860  18.41860  27.64681  27.64681  51.20812  51.20813  53.31315  53.31315  69.60358  69.60358
  60.00000  16.19049  16.19049  19.02684  19.02684  28.14617  28.14617  51.34700  51.34701  54.05643  54.05643  70.01555  70.01555
  61.00000  16.09111  16.09111  19.51569  19.51569  28.59285  28.59285  51.61948  51.61949  54.87484  54.87484  70.37945  70.37945
  62.00000  15.80436  15.80436  19.91535  19.91535  28.92248  28.92248  52.04498  52.04498  55.73516  55.73516  70.67086  70.67086
  63.00000  15.38529  15.38529  20.25254  20.25254  29.09287  29.09287  52.61950  52.61950  56.60099  56.60099  70.87311  70.87311
  64.00000  14.90015  14.90015  20.55312  20.55312  29.08780  29.08780  53.31596  53.31596  57.43692  57.43692  70.97802  70.97802
  65.00000  14.41354  14.41354  20.84561  20.84561  28.91153  28.91153  54.08917  54.08917  58.21208  58.21208  70.98633  70.98633
  66.00000  13.97926  13.97926  21.16130  21.16130  28.58038  28.58038  54.88264  54.88264  58.90267  58.90267  70.90814  70.90814
  67.00000  13.63420  13.63420  21.53033  21.53033  28.11655  28.11655  55.63435  55.63435  59.49318  59.49318  70.76332  70.76332
  68.00000  13.39627  13.39627  21.97339  21.97339  27.54710  27.54710  56.28197  56.28197  59.97503  59.97503  70.58181  70.58181
  69.00000  13.26693  13.26693  22.48683  22.48683  26.91128  26.91128  56.77032  56.77032  60.34123  60.34123  70.40292  70.40292
  70.00000  13.23720  13.23720  23.00848  23.00848  26.29054  26.29054  57.06277  57.06277  60.57808  60.57808  70.27183  70.27183
  71.00000  13.29382  13.29382  23.32286  23.32286  25.90308  25.90308  57.15154  57.15155  60.66197  60.66197  70.23113  70.23113
  72.00000  13.23926  13.23926  22.94924  22.94924  26.22610  26.22610  57.08047  57.08047  60.57273  60.57273  70.30684  70.30684
  73.00000  13.18078  13.18078  22.12958  22.12958  26.80926  26.80926  56.89803  56.89804  60.30630  60.30630  70.54326  70.54326
  74.00000  13.13248  13.13248  21.10000  21.10000  27.40389  27.40389  56.66651  56.66651  59.89033  59.89033  70.90276  70.90276
  75.00000  13.11605  13.11605  19.96791  19.96791  27.91424  27.91424  56.44474  56.44474  59.37205  59.37205  71.32795  71.32795
  76.00000  13.15847  13.15847  18.80063  18.80063  28.31051  28.31051  56.28071  56.28071  58.80302  58.80302  71.75990  71.75990
  77.00000  13.28861  13.28861  17.65995  17.65995  28.59227  28.59227  56.20721  56.20721  58.23126  58.23126  72.14796  72.14796
  78.00000  13.52919  13.52919  16.61287  16.61287  28.77347  28.77347  56.23895  56.23895  57.70090  57.70090  72.45278  72.45278
  79.00000  13.86763  13.86763  15.75221  15.75221  28.87235  28.87235  56.36294  56.36295  57.26353  57.26353  72.64664  72.64664
  80.00000  14.10016  14.10016  15.33868  15.33868  28.90349  28.90349  56.46725  56.46725  57.05250  57.05250  72.71308  72.71308
  81.00000  14.40047  14.40047  15.73582  15.73582  29.15380  29.15380  56.26366  56.26366  56.92120  56.92120  72.58735  72.58735
  82.00000  14.79676  14.79676  16.25795  16.25795  29.34310  29.34310  55.86454  55.86455  56.65230  56.65230  72.41137  72.41137
  83.00000  15.24076  15.24076  16.84329  16.84329  29.45305  29.45305  55.30285  55.30285  56.26143  56.26143  72.18727  72.18727
  84.00000  15.68034  15.68034  17.42528  17.42528  29.46473  29.46473  54.63050  54.63051  55.77026  55.77026  71.91246  71.91246
  85.00000  16.06405  16.06405  17.93911  17.93911  29.35964  29.35964  53.91250  53.91250  55.20574  55.20574  71.58318  71.58318
  86.00000  16.34506  16.34506  18.32518  18.32518  29.12436  29.12436  53.21762  53.21762  54.59868  54.59868  71.19819  71.19819
  87.00000  16.48478  16.48478  18.53019  18.53019  28.75934  28.75934  52.60659  52.60659  53.98161  53.98162  70.76176  70.76176
  88.00000  16.45674  16.45674  18.50761  18.50761  28.28875  28.28875  52.12006  52.12007  53.38600  53.38601  70.28537  70.28537
  89.00000  16.25055  16.25056  18.22174  18.22174  27.76391  27.76391  51.77075  51.77076  52.83912  52.83912  69.78808  69.78808
  90.00000  15.87569  15.87569  17.66014  17.66014  27.25191  27.25191  51.54375  51.54375  52.36129  52.36129  69.29541  69.29541
  91.00000  15.36403  15.36403  16.85235  16.85235  26.81156  26.81156  51.40557  51.40557  51.96433  51.96433  68.83633  68.83633
  92.00000  14.77030  14.77030  15.88134  15.88134  26.47352  26.47352  51.31828  51.31828  51.65170  51.65170  68.43849  68.43849
  93.00000  14.16920  14.16920  14.87643  14.87643  26.23923  26.23923  51.25310  51.25310  51.42024  51.42024  68.12275  68.12275
  94.00000  13.64782  13.64782  13.99253  13.99253  26.09315  26.09315  51.19836  51.19836  51.26305  51.26305  67.89932  67.89932
  95.00000  13.29159  13.29159  13.38291  13.38291  26.01566  26.01566  51.15821  51.15821  51.17256  51.17256  67.76844  67.76844
  96.00000  13.16480  13.16480  13.16480  13.16480  25.99170  25.99171  51.14309  51.14309  51.14309  51.14309  67.72564  67.72564
