   0.00000  -0.00000  -0.00000   0.00000  12.10072  12.10072  31.74326  48.63446  48.63446  53.40989  53.40989  69.57298  72.12265
   1.00000   1.63087   2.26294   3.17025  12.20585  12.36913  31.72334  48.62731  53.28664  53.44816  53.48233  66.09991  72.09290
   2.00000   3.82911   4.48136   5.95185  12.50482  13.12524  31.66397  48.61084  53.15172  53.60147  53.69051  66.24676  72.00790
   3.00000   5.81162   6.61176   8.72242  12.95637  14.24793  31.56553  48.59878  52.94300  53.87364  54.00971  66.47142  71.87959
   4.00000   7.60851   8.61322  11.40148  13.52543  15.59454  31.42641  48.61048  52.69867  54.26846  54.40684  66.74843  71.72520
   5.00000   9.19728  10.44946  13.61598  14.48664  17.03564  31.24132  48.66694  52.46168  54.79018  54.84914  67.04916  71.56339
   6.00000  10.54294  12.09146  14.46913  16.66383  18.46669  31.00104  48.78649  52.27942  55.31225  55.43707  67.34510  71.40937
   7.00000  11.60698  13.51985  15.08765  18.88682  19.80779  30.69405  48.98073  52.20164  55.78540  56.19828  67.60992  71.27030
   8.00000  12.37149  14.72705  15.71129  20.88393  21.00062  30.30918  49.25211  52.27742  56.27195  57.05289  67.82060  71.14231
   9.00000  12.87691  15.71855  16.34852  22.00571  22.59198  29.83844  49.59425  52.55032  56.78442  57.97135  67.95791  71.01048
  10.00000  13.22241  16.51342  16.96224  22.79973  23.97155  29.27929  49.99490  53.05174  57.33591  58.91833  68.00675  70.85173
  11.00000  13.52512  17.14330  17.51365  23.37156  25.00182  28.63729  50.43932  53.79423  57.93197  59.85620  67.95643  70.63927
  12.00000  13.88841  17.64942  17.98407  23.71616  25.68192  27.93001  50.91189  54.76794  58.56687  60.74801  67.80106  70.34721
  13.00000  14.38851  18.07665  18.37503  23.82714  26.02862  27.19211  51.39569  55.94259  59.22520  61.55975  67.54019  69.95409
  14.00000  15.06745  18.46451  18.70294  23.69387  26.07022  26.47717  51.87146  57.27365  59.88675  62.26169  67.17969  69.44513
  15.00000  15.92877  18.83495  18.99579  23.31982  25.83997  25.84137  52.31751  58.70868  60.53155  62.82948  66.73352  68.81359
  16.00000  16.93210  19.17466  19.29732  22.76802  25.30756  25.37218  52.71075  60.18659  61.14272  63.24855  66.22686  68.06180
  17.00000  17.96673  19.40751  19.69565  22.17681  24.70305  24.87216  53.02881  61.60271  61.70592  63.54759  65.70091  67.20295
  18.00000  18.79751  19.38499  20.37240  21.70315  23.88254  24.57023  53.25252  62.20238  62.56675  64.03904  65.21510  66.26724
  19.00000  19.03215  19.28901  21.29370  21.35211  23.06646  24.50155  53.36855  62.58162  62.58863  64.72195  65.25733  65.32683
  20.00000  18.67460  19.32761  20.54762  21.42348  23.66509  24.71609  53.29318  62.18280  62.63915  64.30625  64.59768  66.64492
  21.00000  17.95544  18.74424  20.10593  21.01651  24.41965  25.34483  53.14041  61.66150  61.99910  63.90836  64.47344  68.08747
  22.00000  17.14054  17.51990  19.92277  20.48472  25.11891  26.07809  52.92957  61.00992  61.12965  63.51358  64.72566  69.44441
  23.00000  15.88552  16.59155  19.17238  20.40520  25.68387  26.75154  52.68384  60.01398  60.64752  63.11426  65.06439  70.66937
  24.00000  14.40533  15.94695  18.23379  20.44361  26.09102  27.31312  52.42856  59.12327  60.25138  62.73927  65.39078  71.72672
  25.00000  12.99267  15.45682  17.30690  20.47847  26.35425  27.74756  52.19003  58.39376  59.95132  62.41369  65.66925  72.58543
  26.00000  11.79761  15.15377  16.48199  20.50090  26.50569  28.05308  51.99436  57.85734  59.74522  62.16132  65.88041  73.21928
  27.00000  10.98160  15.06347  15.84315  20.51273  26.57967  28.23342  51.86531  57.53093  59.62594  62.00156  66.01192  73.60811
  28.00000  10.68929  15.10710  15.54700  20.51635  26.60129  28.29292  51.82016  57.42155  59.58701  61.94690  66.05656  73.73917
  29.00000  11.18879  15.37443  15.74238  21.15792  26.68939  28.45961  51.67781  57.11180  59.46822  61.85978  65.96577  73.62729
  30.00000  11.80518  15.32151  15.95014  22.17886  26.55233  28.54984  51.42654  56.47382  59.21639  61.73865  65.89335  73.49413
  31.00000  12.46820  15.12362  16.12394  23.26544  26.19338  28.57258  51.08783  55.64784  58.84514  61.45456  65.90641  73.33449
  32.00000  13.11067  14.86206  16.21348  24.12602  25.61844  28.59755  50.68913  54.76949  58.37357  60.94351  66.03658  73.13927
  33.00000  13.67160  14.54266  16.16904  24.45872  24.83915  28.77588  50.26229  53.94760  57.82539  60.23564  66.25706  72.90311
  34.00000  14.09456  14.13538  15.94906  23.79293  24.15659  29.19211  49.84070  53.26269  57.22780  59.40280  66.51684  72.63031
  35.00000  13.59735  14.31182  15.54194  22.54584  23.23736  29.72770  49.45566  52.76412  56.60966  58.51458  66.76784  72.33859
  36.00000  12.88568  14.15636  15.06044  20.99687  21.96302  30.23907  49.13210  52.46781  55.99941  57.62448  66.96761  72.06022
  37.00000  11.96535  13.38063  14.72891  19.10588  20.50410  30.66252  48.88512  52.35942  55.42272  56.76960  67.07703  71.83797
  38.00000  10.81418  12.14062  14.40318  16.89258  18.95542  30.98966  48.71830  52.40326  54.90051  55.97444  67.06761  71.71111
  39.00000   9.42519  10.58673  13.98085  14.42125  17.37080  31.23579  48.62435  52.55288  54.44782  55.25614  66.93825  71.69400
  40.00000   7.80587   8.77969  11.76069  13.48281  15.81379  31.42096  48.58788  52.75940  54.07374  54.62984  66.72273  71.76611
  41.00000   5.97402   6.76755   8.97264  12.97021  14.37709  31.56021  48.58911  52.97661  53.78249  54.11240  66.47613  71.88471
  42.00000   3.94742   4.59934   6.11431  12.52052  13.18582  31.66050  48.60782  53.16382  53.57509  53.72329  66.25451  72.00489
  43.00000   1.69852   2.32607   3.24917  12.21117  12.38494  31.72226  48.62679  53.28694  53.45112  53.48347  66.10264  72.09141
  44.00000  -0.00000  -0.00000   0.00000  12.10072  12.10072  31.74326  48.63446  48.63446  53.40989  53.40989  69.57298  72.12265
  45.00000   2.33746   2.33746   4.12449  12.18604  12.18604  31.71963  48.64064  48.64064  53.33321  53.33321  69.54557  72.04217
  46.00000   4.60287   4.60287   8.17091  12.42368  12.42368  31.63582  48.66367  48.66368  53.10823  53.10823  69.46883  71.80925
  47.00000   6.72582   6.72582  12.06184  12.76292  12.76292  31.45446  48.71636  48.71636  52.74995  52.74995  69.35883  71.44902
  48.00000   8.63988   8.63988  13.13096  13.13096  15.72163  31.11743  48.81762  48.81762  52.28290  52.28290  69.24106  71.00119
  49.00000  10.28630  10.28630  13.44445  13.44445  19.07857  30.55246  48.98875  48.98875  51.74006  51.74006  69.14811  70.51617
  50.00000  11.61906  11.61906  13.61922  13.61922  22.06866  29.68256  49.24818  49.24818  51.16073  51.16073  69.11558  70.04853
  51.00000  12.61062  12.61062  13.57793  13.57793  24.64116  28.43753  49.60577  49.60577  50.58690  50.58690  69.17613  69.64836
  52.00000  13.25661  13.25661  13.25661  13.25662  26.76548  26.76549  50.05813  50.05813  50.05813  50.05813  69.35208  69.35208
  53.00000  13.36558  13.36558  13.44551  13.44551  26.77929  26.77930  50.08425  50.08425  50.12092  50.12092  69.35320  69.35320
  54.00000  13.67250  13.67250  13.97832  13.97832  26.82520  26.82520  50.16045  50.16045  50.30095  50.30095  69.36404  69.36404
  55.00000  14.12313  14.12313  14.76610  14.76610  26.91471  26.91472  50.27834  50.27834  50.58125  50.58125  69.40323  69.40323
  56.00000  14.64283  14.64283  15.69322  15.69322  27.06188  27.06188  50.42148  50.42148  50.95236  50.95236  69.49089  69.49089
  57.00000  15.15096  15.15096  16.64538  16.64538  27.27779  27.27779  50.57227  50.57227  51.41879  51.41879  69.63828  69.63828
  58.00000  15.57157  15.57157  17.53091  17.53091  27.56399  27.56399  50.72728  50.72728  51.98892  51.98893  69.84176  69.84176
  59.00000  15.84112  15.84112  18.29515  18.29515  27.90501  27.90501  50.90561  50.90561  52.66190  52.66191  70.08304  70.08304
  60.00000  15.91711  15.91711  18.92381  18.92381  28.26433  28.26433  51.14282  51.14282  53.42288  53.42288  70.33443  70.33443
  61.00000  15.78734  15.78734  19.43167  19.43167  28.59017  28.59017  51.47706  51.47706  54.24477  54.24477  70.56543  70.56543
  62.00000  15.47333  15.47333  19.84548  19.84548  28.83032  28.83032  51.93574  51.93574  55.09258  55.09258  70.74845  70.74845
  63.00000  15.02340  15.02340  20.19372  20.19372  28.94624  28.94624  52.52691  52.52691  55.92814  55.92814  70.86239  70.86239
  64.00000  14.50015  14.50015  20.50528  20.50528  28.91883  28.91883  53.23720  53.23720  56.71429  56.71430  70.89471  70.89471
  65.00000  13.96830  13.96830  20.81114  20.81114  28.74578  28.74578  54.03496  54.03496  57.41815  57.41815  70.84250  70.84250
  66.00000  13.48519  13.48519  21.14407  21.14407  28.43536  28.43536  54.87532  54.87532  58.01367  58.01367  70.71316  70.71316
  67.00000  13.09391  13.09391  21.53471  21.53471  28.00144  28.00144  55.70402  55.70402  58.48403  58.48403  70.52498  70.52498
  68.00000  12.81970  12.81970  22.00363  22.00363  27.46276  27.46276  56.45830  56.45830  58.82464  58.82464  70.30736  70.30736
  69.00000  12.67025  12.67025  22.54770  22.54770  26.85003  26.85003  57.06607  57.06607  59.04641  59.04641  70.09999  70.09999
  70.00000  12.63966  12.63966  23.10721  23.10721  26.23540  26.23540  57.45231  57.45232  59.17311  59.17311  69.94900  69.94900
  71.00000  12.71363  12.71363  23.46010  23.46010  25.83893  25.83893  57.57116  57.57116  59.21709  59.21709  69.89822  69.89822
  72.00000  12.65300  12.65300  23.04900  23.04900  26.18988  26.18988  57.47219  57.47219  59.16046  59.16046  69.97878  69.97878
  73.00000  12.60214  12.60214  22.18726  22.18726  26.80873  26.80873  57.21736  57.21736  58.97089  58.97089  70.22438  70.22438
  74.00000  12.57459  12.57459  21.12741  21.12741  27.42954  27.42954  56.88532  56.88532  58.65713  58.65713  70.59701  70.59701
  75.00000  12.59242  12.59242  19.97080  19.97080  27.96007  27.96007  56.53944  56.53944  58.26070  58.26070  71.03820  71.03820
  76.00000  12.68366  12.68366  18.77801  18.77801  28.37284  28.37284  56.22656  56.22656  57.83481  57.83481  71.48712  71.48712
  77.00000  12.87806  12.87806  17.60394  17.60394  28.66810  28.66810  55.97680  55.97680  57.43181  57.43181  71.89093  71.89093
  78.00000  13.19839  13.19839  16.50824  16.50824  28.85957  28.85957  55.80378  55.80378  57.09894  57.09894  72.20838  72.20838
  79.00000  13.63217  13.63217  15.57553  15.57553  28.96496  28.96496  55.70664  55.70664  56.87747  56.87748  72.41036  72.41036
  80.00000  13.94287  13.94287  15.09249  15.09249  28.99833  28.99833  55.67614  55.67614  56.79934  56.79935  72.47959  72.47959
  81.00000  14.22511  14.22511  15.50132  15.50132  29.17710  29.17710  55.55158  55.55158  56.61184  56.61184  72.37948  72.37948
  82.00000  14.60181  14.60181  16.05888  16.05888  29.29669  29.29669  55.29588  55.29588  56.23827  56.23827  72.23758  72.23758
  83.00000  15.02726  15.02726  16.69014  16.69014  29.34747  29.34747  54.92397  54.92397  55.70941  55.70941  72.05527  72.05527
  84.00000  15.45170  15.45170  17.31561  17.31561  29.32036  29.32036  54.45656  54.45656  55.07134  55.07134  71.83110  71.83110
  85.00000  15.82586  15.82587  17.85986  17.85986  29.20721  29.20721  53.91940  53.91940  54.37948  54.37948  71.56419  71.56419
  86.00000  16.10478  16.10478  18.25641  18.25641  29.00383  29.00383  53.34188  53.34188  53.69006  53.69007  71.25767  71.25767
  87.00000  16.25145  16.25145  18.45021  18.45021  28.71563  28.71563  52.75502  52.75502  53.05017  53.05018  70.92106  70.92106
  88.00000  16.24053  16.24053  18.39985  18.39985  28.36356  28.36356  52.18874  52.18874  52.48844  52.48844  70.57119  70.57119
  89.00000  16.06217  16.06217  18.08253  18.08253  27.98473  27.98473  51.66896  51.66896  52.01017  52.01018  70.23117  70.23117
  90.00000  15.72546  15.72546  17.50357  17.50357  27.62358  27.62358  51.21493  51.21493  51.60026  51.60026  69.92703  69.92703
  91.00000  15.26065  15.26065  16.70674  16.70674  27.31704  27.31704  50.83784  50.83784  51.23413  51.23413  69.68205  69.68205
  92.00000  14.71926  14.71926  15.77739  15.77739  27.08403  27.08403  50.54093  50.54093  50.89306  50.89306  69.50991  69.50991
  93.00000  14.17093  14.17093  14.83466  14.83466  26.92514  26.92514  50.32117  50.32118  50.57700  50.57700  69.40962  69.40962
  94.00000  13.69587  13.69587  14.01613  14.01613  26.82902  26.82902  50.17197  50.17197  50.30842  50.30842  69.36540  69.36540
  95.00000  13.37182  13.37182  13.45615  13.45615  26.78011  26.78011  50.08609  50.08609  50.12414  50.12414  69.35330  69.35330
  96.00000  13.25661  13.25661  13.25661  13.25662  26.76548  26.76549  50.05813  50.05813  50.05813  50.05813  69.35208  69.35208
