   0.00000  -0.00000   0.00000   0.00000  11.25012  11.25012  31.88597  47.83713  47.83713  54.39720  54.39720  67.72460  73.01177
   1.00000   1.15432   1.86652   3.16373  11.33794  11.44971  32.01740  45.37418  47.87478  54.37548  54.46273  67.80285  74.65995
   2.00000   3.28267   3.75888   5.79354  11.63085  12.03996  32.38171  45.93370  47.98270  54.32508  54.65644  68.02961  74.59118
   3.00000   5.02465   5.66705   8.29703  12.28318  13.00177  32.89766  46.82704  48.14546  54.28944  54.96993  68.38253  74.47826
   4.00000   6.46156   7.54387  10.20882  13.73015  14.30851  33.45374  48.00248  48.33748  54.33644  55.39019  68.82900  74.32379
   5.00000   7.56661   9.33691  11.38872  15.90886  16.09083  33.93283  48.52849  49.39950  54.54606  55.90121  69.33115  74.13141
   6.00000   8.33192  11.01869  12.36137  17.70895  18.79920  34.23454  48.69677  50.95666  54.98645  56.48646  69.85047  73.90566
   7.00000   8.83392  12.58413  13.36374  19.58369  21.50072  34.29324  48.84068  52.61743  55.68895  57.13187  70.35117  73.65155
   8.00000   9.21045  14.02740  14.39048  21.40805  24.03017  34.08861  48.97410  54.33337  56.64173  57.82868  70.80236  73.37393
   9.00000   9.59578  15.32669  15.38802  23.08064  26.27912  33.64437  49.11065  56.06483  57.80282  58.57492  71.17912  73.07676
  10.00000  10.09200  16.30955  16.44412  24.53278  28.16411  33.01526  49.25512  57.77981  59.11583  59.37444  71.46285  72.76239
  11.00000  10.76215  17.11993  17.33469  25.72859  29.62440  32.26836  49.40623  59.45173  60.23281  60.51884  71.64105  72.43136
  12.00000  11.62822  17.79368  17.96107  26.65903  30.62730  31.46537  49.56296  61.05639  61.15188  61.94824  71.70680  72.08283
  13.00000  12.67340  18.31106  18.31516  27.32944  30.65181  31.17360  49.72845  62.12148  62.57277  63.34116  71.65823  71.71602
  14.00000  13.84567  18.41005  18.68278  27.74020  29.86111  31.29924  49.90997  63.12347  63.97539  64.63785  71.33258  71.49786
  15.00000  15.05111  18.31810  18.92304  27.85310  29.14975  31.07350  50.11605  64.12354  65.24275  65.78428  70.94055  71.23205
  16.00000  16.11123  18.10997  19.13508  27.56749  28.63963  30.59704  50.35235  65.07145  66.35713  66.73437  70.56117  70.87057
  17.00000  16.69810  17.84837  19.55077  26.97509  28.28672  30.00309  50.61825  65.88621  67.31406  67.45182  70.24088  70.42608
  18.00000  16.59330  17.56333  20.26790  26.35337  27.90239  29.45997  50.90560  66.44051  67.91111  68.12900  69.91409  70.06488
  19.00000  15.94539  17.24856  21.00066  25.86228  27.45260  29.15749  51.19993  66.61783  68.09615  68.79920  69.35485  70.14069
  20.00000  16.08591  17.37882  20.57588  26.07598  27.60023  29.38634  51.05984  66.46590  67.51734  68.57914  69.79288  70.32478
  21.00000  15.84364  17.25969  19.96123  25.99151  27.83012  29.92672  50.96680  66.08628  66.59529  68.26612  70.01501  71.06566
  22.00000  15.34928  16.93985  19.17527  25.37085  28.41407  30.62682  50.94191  65.55346  65.74055  67.85077  70.03044  71.97250
  23.00000  14.57501  16.61234  18.29863  24.45365  29.10884  31.37678  50.99409  64.85731  65.09095  67.39838  69.92616  72.86128
  24.00000  13.55745  16.39121  17.42613  23.42486  29.74425  32.10464  51.11760  64.20667  64.50026  66.96641  69.74686  73.66560
  25.00000  12.44548  16.29048  16.63978  22.40774  30.25922  32.74622  51.29000  63.66370  63.95951  66.60259  69.53832  74.34054
  26.00000  11.43216  16.00665  16.29323  21.52045  30.63418  33.24581  51.47192  63.20578  63.55767  66.33482  69.34660  74.85034
  27.00000  10.71464  15.59694  16.34517  20.89510  30.86177  33.56211  51.61260  62.87279  63.33115  66.17327  69.21239  75.16776
  28.00000  10.45388  15.45420  16.37672  20.66532  30.93809  33.67029  51.66589  62.74979  63.25911  66.11950  69.16422  75.27555
  29.00000  11.63408  14.07275  18.29578  20.60148  31.11412  34.49338  51.59480  62.43196  62.99161  65.75864  69.19985  74.88412
  30.00000  12.54223  12.70907  20.17075  20.35132  31.03036  35.04495  51.45596  61.75292  62.59546  64.81315  69.44262  74.62921
  31.00000  11.47114  13.20164  19.89860  21.89567  30.62237  35.28294  51.26082  60.80727  62.08459  63.50074  69.72944  74.47592
  32.00000  10.42268  13.63047  19.23786  23.35690  29.84524  35.22282  51.01945  59.70831  61.47530  61.95011  70.00098  74.36468
  33.00000   9.60222  13.84524  18.37473  24.39118  28.67429  34.96068  50.74042  58.55606  60.24770  60.78597  70.23451  74.25207
  34.00000   9.01550  13.86036  17.32745  24.77898  27.11549  34.67233  50.43131  57.42989  58.45932  60.03684  70.40562  74.12769
  35.00000   8.62936  13.67956  16.13464  24.27013  25.26909  34.52321  50.09944  56.37983  56.64951  59.24975  70.47797  74.01314
  36.00000   8.37477  13.25516  14.89442  22.51649  23.54263  34.51973  49.75279  54.78066  55.53846  58.44792  70.41055  73.94779
  37.00000   8.15792  12.37989  13.87053  20.00346  21.71098  34.51942  49.40073  52.98198  54.85696  57.65573  70.18215  73.96084
  38.00000   7.86983  10.97692  13.19992  17.23515  19.59430  34.37987  49.05440  51.24446  54.40642  56.89833  69.81210  74.04931
  39.00000   7.38508   9.31568  12.67441  14.36581  17.36172  34.04273  48.72666  49.61583  54.17609  56.20108  69.35231  74.18530
  40.00000   6.55538   7.53786  11.50010  12.21208  15.23645  33.53701  48.15215  48.43152  54.12242  55.58875  68.86561  74.33640
  41.00000   5.24631   5.69527   8.69724  11.81682  13.46423  32.95283  46.91720  48.18321  54.17996  55.08445  68.41245  74.47657
  42.00000   3.45548   3.81439   5.95094  11.51088  12.21089  32.40953  45.97594  47.99487  54.27984  54.70824  68.04569  74.58783
  43.00000   1.23970   1.91200   3.23809  11.31672  11.48678  32.02492  45.38510  47.87718  54.36465  54.47582  67.80727  74.65874
  44.00000  -0.00000   0.00000   0.00000  11.25012  11.25012  31.88597  47.83713  47.83713  54.39720  54.39720  67.72460  73.01177
  45.00000   1.33029   1.33029   3.40290  11.21814  11.21814  31.76908  47.89825  47.89825  54.33301  54.33301  67.76076  72.95091
  46.00000   2.63467   2.63467   6.76118  11.12062  11.12062  31.41505  48.07954  48.07954  54.14295  54.14295  67.87014  72.77142
  47.00000   3.88860   3.88860  10.03111  10.95299  10.95299  30.81459  48.37492  48.37492  53.83453  53.83453  68.05484  72.48241
  48.00000   5.07021   5.07021  10.70822  10.70822  13.17077  29.95473  48.77421  48.77421  53.41993  53.41993  68.31658  72.09853
  49.00000   6.16134   6.16134  10.37758  10.37758  16.14101  28.82193  49.26334  49.26334  52.91559  52.91559  68.65475  71.63926
  50.00000   7.14835   7.14835   9.95168   9.95168  18.90646  27.40539  49.82458  49.82458  52.34153  52.34153  69.06439  71.12778
  51.00000   8.02251   8.02251   9.42159   9.42159  21.43660  25.69975  50.43701  50.43701  51.72057  51.72057  69.53502  70.58952
  52.00000   8.78003   8.78003   8.78003   8.78003  23.70688  23.70688  51.07730  51.07730  51.07730  51.07730  70.05044  70.05044
  53.00000   8.91812   8.91812   9.06389   9.06389  23.88909  23.88909  50.92636  50.92636  51.13425  51.13425  70.22624  70.22624
  54.00000   9.30268   9.30268   9.87356   9.87356  24.41617  24.41617  50.53398  50.53398  51.30335  51.30335  70.70414  70.70414
  55.00000   9.87337   9.87337  11.10027  11.10027  25.22810  25.22810  50.04733  50.04733  51.57962  51.57962  71.36756  71.36756
  56.00000  10.57913  10.57913  12.60309  12.60309  26.22998  26.22998  49.63426  49.63426  51.95551  51.95551  72.09232  72.09232
  57.00000  11.37956  11.37956  14.23404  14.23404  27.31585  27.31585  49.43499  49.43499  52.42226  52.42226  72.78412  72.78412
  58.00000  12.22496  12.22496  15.85050  15.85050  28.40141  28.40141  49.53920  49.53920  52.97173  52.97173  73.38613  73.38613
  59.00000  13.04404  13.04404  17.33038  17.33038  29.44373  29.44373  49.97702  49.97702  53.59857  53.59857  73.87187  73.87187
  60.00000  13.74569  13.74569  18.59874  18.59874  30.43121  30.43121  50.72055  50.72055  54.30221  54.30221  74.23531  74.23531
  61.00000  14.23364  14.23364  19.65012  19.65012  31.35057  31.35057  51.69703  51.69703  55.08757  55.08757  74.48291  74.48291
  62.00000  14.43614  14.43614  20.53439  20.53439  32.16293  32.16293  52.80961  52.80961  55.96267  55.96267  74.62855  74.62855
  63.00000  14.33853  14.33853  21.30654  21.30654  32.81114  32.81114  53.96080  53.96080  56.92890  56.92890  74.69058  74.69058
  64.00000  13.98826  13.98826  21.98950  21.98950  33.24453  33.24453  55.07675  55.07675  57.96353  57.96353  74.69032  74.69032
  65.00000  13.46824  13.46824  22.57665  22.57665  33.43778  33.43778  56.12240  56.12240  59.00765  59.00765  74.65085  74.65085
  66.00000  12.86628  12.86628  23.05040  23.05040  33.39680  33.39680  57.09317  57.09317  59.97771  59.97771  74.59544  74.59544
  67.00000  12.25780  12.25780  23.39359  23.39359  33.15709  33.15709  57.99402  57.99402  60.79154  60.79154  74.54457  74.54457
  68.00000  11.70018  11.70018  23.59041  23.59041  32.78066  32.78066  58.82554  58.82554  61.38862  61.38862  74.51182  74.51182
  69.00000  11.23311  11.23311  23.62155  23.62155  32.35324  32.35324  59.57979  59.57979  61.73952  61.73952  74.50007  74.50007
  70.00000  10.88245  10.88245  23.46136  23.46136  31.97784  31.97784  60.23933  60.23933  61.84845  61.84845  74.50131  74.50131
  71.00000  10.66550  10.66550  23.08699  23.08699  31.75595  31.75595  60.76971  60.76971  61.75678  61.75678  74.50146  74.50146
  72.00000  10.75087  10.75087  23.17479  23.17479  31.85064  31.85064  60.38080  60.38080  61.89093  61.89093  74.51738  74.51738
  73.00000  10.84649  10.84649  22.90492  22.90492  32.03044  32.03044  59.83638  59.83638  62.01843  62.01843  74.55156  74.55156
  74.00000  10.95497  10.95497  22.28536  22.28536  32.29704  32.29704  59.27384  59.27384  62.07228  62.07228  74.59648  74.59648
  75.00000  11.09857  11.09857  21.37327  21.37327  32.61947  32.61947  58.76540  58.76540  62.03996  62.03996  74.64924  74.64924
  76.00000  11.31554  11.31554  20.25543  20.25543  32.95342  32.95342  58.35098  58.35098  61.93233  61.93233  74.70752  74.70752
  77.00000  11.64500  11.64500  19.03536  19.03536  33.25706  33.25706  58.04652  58.04652  61.77756  61.77756  74.76646  74.76646
  78.00000  12.09522  12.09522  17.84008  17.84008  33.49729  33.49729  57.84877  57.84877  61.61665  61.61665  74.81823  74.81823
  79.00000  12.58041  12.58041  16.86296  16.86296  33.65072  33.65072  57.74212  57.74212  61.49512  61.49512  74.85398  74.85398
  80.00000  12.82387  12.82387  16.44799  16.44799  33.70340  33.70340  57.70911  57.70911  61.44981  61.44981  74.86677  74.86677
  81.00000  13.39495  13.39495  16.83108  16.83108  34.28228  34.28228  57.52193  57.52193  60.96282  60.96282  74.74006  74.74006
  82.00000  14.14309  14.14309  17.04166  17.04166  34.63697  34.63697  57.23219  57.23219  60.04526  60.04526  74.70115  74.70115
  83.00000  14.99674  14.99674  17.06665  17.06665  34.71773  34.71773  56.85306  56.85306  58.78457  58.78457  74.71940  74.71940
  84.00000  15.86481  15.86481  16.90202  16.90202  34.49587  34.49587  56.39878  56.39878  57.29249  57.29249  74.75161  74.75161
  85.00000  16.55217  16.55217  16.64279  16.64279  33.97015  33.97015  55.68644  55.68644  55.88431  55.88431  74.75751  74.75751
  86.00000  16.02942  16.02942  17.21555  17.21555  33.17312  33.17312  54.08066  54.08066  55.32517  55.32517  74.70477  74.70477
  87.00000  15.35343  15.35343  17.46335  17.46335  32.17145  32.17145  52.58384  52.58384  54.73747  54.73747  74.56833  74.56833
  88.00000  14.55066  14.55066  17.28168  17.28168  31.05110  31.05110  51.29812  51.29812  54.13801  54.13801  74.32852  74.32852
  89.00000  13.65392  13.65392  16.62046  16.62046  29.88511  29.88511  50.31479  50.31479  53.54440  53.54440  73.97057  73.97057
  90.00000  12.70219  12.70219  15.52236  15.52236  28.70714  28.70714  49.70137  49.70137  52.97507  52.97507  73.48644  73.48644
  91.00000  11.74075  11.74075  14.12150  14.12150  27.52584  27.52584  49.48165  49.48165  52.44902  52.44902  72.87994  72.87994
  92.00000  10.82165  10.82165  12.59943  12.59943  26.36960  26.36960  49.61914  49.61914  51.98524  51.98524  72.17531  72.17531
  93.00000  10.00389  10.00389  11.13976  11.13976  25.31184  25.31184  50.01330  50.01330  51.60189  51.60189  71.42882  71.42882
  94.00000   9.35161   9.35161   9.91213   9.91213  24.45589  24.45589  50.50847  50.50847  51.31505  51.31505  70.73813  70.73813
  95.00000   8.92755   8.92755   9.07838   9.07838  23.89950  23.89950  50.91807  50.91807  51.13744  51.13744  70.23609  70.23609
  96.00000   8.78003   8.78003   8.78003   8.78003  23.70688  23.70688  51.07730  51.07730  51.07730  51.07730  70.05044  70.05044
