   1.98826   0.00000  -7.34522   0.00000   2.32054  -0.00000 -12.97316  -0.00000  -7.34522  -0.00000   1.98826  -0.00000 -12.97316
  -0.00000   2.32054  -0.00000   2.32054   0.00000 -12.97316   0.00000   1.98826   0.00000  -7.34522  -0.00000 -12.97316   0.00000
   2.32054   0.00000  -7.34522   0.00000   1.98826   0.00000   0.00000   0.00000  -0.00000   0.00000  -0.00000  -2.32054   0.00000
  12.97316  -0.00000  -0.00000   0.00000   0.00000  -0.00000  12.97316  -0.00000  -2.32054  -0.00000   2.32054  -0.00000 -12.97316
   0.00000   0.00000   0.00000  -0.00000   0.00000 -12.97316  -0.00000   2.32054   0.00000   0.00000   0.00000  -0.00000  -0.00000
   0.00000  -0.00000   0.00000   0.00000   0.00000   0.00000   7.62046  -0.00000  -0.00000   0.00000  -0.00000   0.00000  -7.62046
   0.00000   0.00000   0.00000  -0.00000   0.00000   7.62046   0.00000  -0.00000  -0.00000  -0.00000   0.00000  -7.62046   0.00000
  -0.00000  -0.00000   0.00000  -0.00000   0.00000   0.00000   0.00000  -0.00000   0.00000  -0.00000  -2.32054   0.00000  12.97316
  -0.00000  -0.00000   0.00000   0.00000  -0.00000  12.97316  -0.00000  -2.32054  -0.00000   2.32054  -0.00000 -12.97316   0.00000
   0.00000   0.00000  -0.00000   0.00000 -12.97316  -0.00000   2.32054   0.00000   0.00000   0.00000  -0.00000   1.98826   0.00000
  -7.34522   0.00000  -2.32054  -0.00000  12.97316   0.00000  -7.34522  -0.00000   1.98826  -0.00000  12.97316   0.00000  -2.32054
  -0.00000  -2.32054   0.00000  12.97316  -0.00000   1.98826   0.00000  -7.34522  -0.00000  12.97316  -0.00000  -2.32054   0.00000
  -7.34522   0.00000   1.98826   0.00000  -0.00000  -0.00000   0.00000  -0.00000  -0.00000  -0.00000  -7.62046   0.00000   0.00000
   0.00000   0.00000   0.00000   7.62046  -0.00000   0.00000  -0.00000  -0.00000   0.00000   7.62046   0.00000   0.00000  -0.00000
   0.00000  -0.00000  -7.62046  -0.00000   0.00000   0.00000   0.00000   0.00000  -0.00000  -0.00000  -0.00000   0.00000  -0.00000
   0.00000   0.00000   0.00000   0.00000   7.62046  -0.00000  -0.00000   0.00000  -0.00000   0.00000  -7.62046   0.00000   0.00000
   0.00000  -0.00000   0.00000   7.62046   0.00000  -0.00000  -0.00000  -0.00000   0.00000  -7.62046   0.00000  -0.00000  -0.00000
   0.00000  -0.00000   0.00000  -0.00000  -0.00000   0.00000  -0.00000  -0.00000  -0.00000  -7.62046   0.00000   0.00000   0.00000
   0.00000   0.00000   7.62046  -0.00000   0.00000  -0.00000  -0.00000   0.00000   7.62046   0.00000   0.00000  -0.00000   0.00000
  -0.00000  -7.62046  -0.00000   0.00000   0.00000   0.00000   0.00000  -0.00000  -0.00000  -3.97652   0.00000  14.69045  -0.00000
  -0.00000   0.00000   0.00000   0.00000  14.69045   0.00000  -3.97652  -0.00000   0.00000  -0.00000   0.00000  -0.00000  -0.00000
  -0.00000   0.00000   0.00000  -3.97652   0.00000  14.69045  -0.00000   0.00000  -0.00000   0.00000   0.00000  14.69045   0.00000
  -3.97652  -0.00000   5.30210   0.00000  -9.37838   0.00000   1.31926  -2.28502  -3.53221   6.11796  -9.37838  -0.00000   5.30210
  -0.00000  -3.53221   6.11796   1.31926  -2.28502   1.31926   2.28502  -3.53221  -6.11796   5.30210   0.00000  -9.37838  -0.00000
  -3.53221  -6.11796   1.31926   2.28502  -9.37838   0.00000   5.30210   0.00000   6.21055   0.00000  -3.20963   0.00000   1.21214
  -2.09948  -7.13574  12.35947  -3.20963  -0.00000   6.21055   0.00000  -7.13574  12.35947   1.21214  -2.09948   1.21214   2.09948
  -7.13574 -12.35947   6.21055   0.00000  -3.20963   0.00000  -7.13574 -12.35947   1.21214   2.09948  -3.20963  -0.00000   6.21055
  -0.00000  -0.00000   0.00000  -0.00000   0.00000  -0.00000   0.00000  -4.57726   7.92805  -0.00000  -0.00000  -0.00000  -0.00000
   4.57726  -7.92805  -0.00000   0.00000  -0.00000  -0.00000   4.57726   7.92805  -0.00000  -0.00000   0.00000   0.00000  -4.57726
  -7.92805  -0.00000  -0.00000   0.00000  -0.00000  -0.00000   0.00000   6.21055   0.00000  -3.20963   0.00000   1.21214  -2.09948
  -7.13574  12.35947  -3.20963  -0.00000   6.21055   0.00000  -7.13574  12.35947   1.21214  -2.09948   1.21214   2.09948  -7.13574
 -12.35947   6.21055   0.00000  -3.20963   0.00000  -7.13574 -12.35947   1.21214   2.09948  -3.20963  -0.00000   6.21055  -0.00000
  -1.86923   0.00000  -5.67222   0.00000  -0.08040   0.13925   4.70744  -8.15352  -5.67222  -0.00000  -1.86923  -0.00000   4.70744
  -8.15352  -0.08040   0.13925  -0.08040  -0.13925   4.70744   8.15352  -1.86923   0.00000  -5.67222   0.00000   4.70744   8.15352
  -0.08040  -0.13925  -5.67222  -0.00000  -1.86923   0.00000  -0.00000  -0.00000   0.00000  -0.00000   0.00000   0.00000  -2.64268
   4.57726   0.00000   0.00000   0.00000   0.00000   2.64268  -4.57726   0.00000   0.00000   0.00000  -0.00000   2.64268   4.57726
   0.00000  -0.00000  -0.00000   0.00000  -2.64268  -4.57726   0.00000  -0.00000  -0.00000  -0.00000  -0.00000  -0.00000  -0.00000
   0.00000  -0.00000   0.00000  -0.00000   0.00000  -4.57726   7.92805  -0.00000  -0.00000  -0.00000  -0.00000   4.57726  -7.92805
  -0.00000   0.00000  -0.00000  -0.00000   4.57726   7.92805  -0.00000  -0.00000   0.00000   0.00000  -4.57726  -7.92805  -0.00000
  -0.00000   0.00000  -0.00000  -0.00000   0.00000  -0.00000  -0.00000   0.00000  -0.00000   0.00000   0.00000  -2.64268   4.57726
   0.00000   0.00000   0.00000   0.00000   2.64268  -4.57726   0.00000   0.00000   0.00000  -0.00000   2.64268   4.57726   0.00000
  -0.00000  -0.00000   0.00000  -2.64268  -4.57726   0.00000  -0.00000  -0.00000  -0.00000  -0.00000  -0.00000  -3.43287   0.00000
  15.05059  -0.00000  -1.23886   2.14577  -1.17523   2.03556  15.05059   0.00000  -3.43287  -0.00000  -1.17523   2.03556  -1.23886
   2.14577  -1.23886  -2.14577  -1.17523  -2.03556  -3.43287   0.00000  15.05059   0.00000  -1.17523  -2.03556  -1.23886  -2.14577
  15.05059  -0.00000  -3.43287  -0.00000   2.02753   0.00000 -12.56631   0.00000   8.74291  -0.06042   1.76963   0.66701 -12.56631
  -0.00000   2.02753  -0.00000   1.76963   0.66701   8.74291  -0.06042   8.74291   0.06042   1.76963  -0.66701   2.02753   0.00000
 -12.56631  -0.00000   1.76963  -0.66701   8.74291   0.06042 -12.56631   0.00000   2.02753   0.00000   5.45239   0.00000  -5.41767
   0.00000   5.41111  -0.10421  -5.46580   1.15574  -5.41767  -0.00000   5.45239   0.00000  -5.46580   1.15574   5.41111  -0.10421
   5.41111   0.10421  -5.46580  -1.15574   5.45239   0.00000  -5.41767  -0.00000  -5.46580  -1.15574   5.41111   0.10421  -5.41767
   0.00000   5.45239  -0.00000  -0.00000   0.00000  -0.00000  -0.30591   0.00000   0.00000  -0.02568   1.05288  -0.00000   0.30591
   0.00000  -0.00000   0.02568  -1.05288   0.00000   0.00000   0.00000  -0.00000   0.02568   1.05288   0.00000  -0.00000   0.00000
  -0.30591  -0.02568  -1.05288   0.00000  -0.00000   0.00000   0.30591  -0.00000   0.00000   5.45239   0.00000  -5.41767   0.00000
   5.41111  -0.10421  -5.46580   1.15574  -5.41767  -0.00000   5.45239   0.00000  -5.46580   1.15574   5.41111  -0.10421   5.41111
   0.10421  -5.46580  -1.15574   5.45239   0.00000  -5.41767  -0.00000  -5.46580  -1.15574   5.41111   0.10421  -5.41767   0.00000
   5.45239  -0.00000  -4.26835   0.00000  -6.31052  -0.00000   2.49470   0.05992   8.08100  -0.66752  -6.31052   0.00000  -4.26835
  -0.00000   8.08100  -0.66752   2.49470   0.05992   2.49470  -0.05992   8.08100   0.66752  -4.26835   0.00000  -6.31052   0.00000
   8.08100   0.66752   2.49470  -0.05992  -6.31052  -0.00000  -4.26835   0.00000  -0.00000  -0.00000   0.00000  -0.17662   0.00000
   0.00000  -0.01483   0.60788   0.00000   0.17662   0.00000   0.00000   0.01483  -0.60788   0.00000   0.00000   0.00000  -0.00000
   0.01483   0.60788   0.00000  -0.00000   0.00000  -0.17662  -0.01483  -0.60788   0.00000  -0.00000   0.00000   0.17662  -0.00000
  -0.00000  -0.00000   0.00000  -0.00000  -0.30591   0.00000   0.00000  -0.02568   1.05288  -0.00000   0.30591   0.00000  -0.00000
   0.02568  -1.05288   0.00000   0.00000   0.00000  -0.00000   0.02568   1.05288   0.00000  -0.00000   0.00000  -0.30591  -0.02568
  -1.05288   0.00000  -0.00000   0.00000   0.30591  -0.00000   0.00000  -0.00000  -0.00000   0.00000  -0.17662   0.00000   0.00000
  -0.01483   0.60788   0.00000   0.17662   0.00000   0.00000   0.01483  -0.60788   0.00000   0.00000   0.00000  -0.00000   0.01483
   0.60788   0.00000  -0.00000   0.00000  -0.17662  -0.01483  -0.60788   0.00000  -0.00000   0.00000   0.17662  -0.00000  -0.00000
   2.24082   0.00000  18.87683  -0.00000 -11.23760   0.00050  -9.85062   0.00051  18.87683   0.00000   2.24082  -0.00000  -9.85062
   0.00051 -11.23760   0.00050 -11.23760  -0.00050  -9.85062  -0.00051   2.24082   0.00000  18.87683  -0.00000  -9.85062  -0.00051
 -11.23760  -0.00050  18.87683   0.00000   2.24082  -0.00000  -7.43507   0.00000  -3.17661  -0.00000  -0.62736  -0.00000  11.23904
   0.00000  -3.17661   0.00000  -7.43507  -0.00000  11.23904  -0.00000  -0.62736  -0.00000  -0.62736   0.00000  11.23904   0.00000
  -7.43507   0.00000  -3.17661  -0.00000  11.23904  -0.00000  -0.62736   0.00000  -3.17661   0.00000  -7.43507   0.00000   0.00000
   0.00000  -0.00000  -0.00000  -0.00000  -0.00000  -0.00000   0.00000  -0.00000   0.00000   0.00000   0.00000  -0.00000   0.00000
  -0.00000  -0.00000  -0.00000   0.00000  -0.00000  -0.00000   0.00000   0.00000  -0.00000   0.00000  -0.00000  -0.00000  -0.00000
   0.00000  -0.00000  -0.00000   0.00000  -0.00000  -0.00000   0.00000  -0.00000   0.00000  -0.00000  -0.00000   0.00000   0.00000
  -0.00000  -0.00000   0.00000  -0.00000  -0.00000  -0.00000   0.00000  -0.00000  -0.00000   0.00000  -0.00000   0.00000   0.00000
  -0.00000   0.00000  -0.00000   0.00000  -0.00000   0.00000   0.00000   0.00000   0.00000  -0.00000   0.00000   0.00000   0.00000
  -0.00000  -0.00000  -0.00000  -0.00000  -0.00000   0.00000  -0.00000   0.00000   0.00000   0.00000  -0.00000   0.00000  -0.00000
  -0.00000  -0.00000   0.00000  -0.00000  -0.00000   0.00000   0.00000  -0.00000   0.00000  -0.00000  -0.00000  -0.00000   0.00000
  -0.00000  -0.00000   0.00000  -0.00000  -7.43507   0.00000  -3.17661   0.00000  -0.62736  -0.00000  11.23904   0.00000  -3.17661
  -0.00000  -7.43507  -0.00000  11.23904  -0.00000  -0.62736  -0.00000  -0.62736   0.00000  11.23904   0.00000  -7.43507   0.00000
  -3.17661  -0.00000  11.23904  -0.00000  -0.62736   0.00000  -3.17661   0.00000  -7.43507   0.00000  -0.00000  -0.00000  -0.00000
  -0.00000   0.00000  -0.00000   0.00000  -0.00000  -0.00000   0.00000   0.00000   0.00000  -0.00000   0.00000   0.00000   0.00000
   0.00000   0.00000  -0.00000  -0.00000   0.00000  -0.00000   0.00000   0.00000   0.00000   0.00000   0.00000  -0.00000   0.00000
  -0.00000  -0.00000  -0.00000  -0.00000   0.00000  -0.00000   0.00000  -0.00000  -0.00000   0.00000   0.00000  -0.00000  -0.00000
   0.00000  -0.00000  -0.00000  -0.00000   0.00000  -0.00000  -0.00000   0.00000  -0.00000   0.00000   0.00000  -0.00000   0.00000
  -0.00000   0.00000  -0.00000   0.00000   0.00000   0.00000   0.00000  -0.00000   0.00000  -0.00000  -0.00000  -0.00000  -0.00000
   0.00000  -0.00000   0.00000  -0.00000  -0.00000   0.00000   0.00000   0.00000  -0.00000   0.00000   0.00000   0.00000   0.00000
   0.00000  -0.00000  -0.00000   0.00000  -0.00000   0.00000   0.00000   0.00000   0.00000   0.00000  -0.00000   0.00000  -0.00000
  -0.00000  -0.00000  14.87014   0.00000   6.35322   0.00000   1.25472   0.00000 -22.47808   0.00000   6.35322  -0.00000  14.87014
  -0.00000 -22.47808  -0.00000   1.25472  -0.00000   1.25472  -0.00000 -22.47808   0.00000  14.87014   0.00000   6.35322   0.00000
 -22.47808  -0.00000   1.25472   0.00000   6.35322  -0.00000  14.87014  -0.00000  -7.44292   0.00000  -1.07964   2.64875  -0.00000
   0.00000  10.39965   4.23894  -1.07964  -2.64875  -7.44292  -0.00000  10.39965  -4.23894   0.00000   0.00000  -0.00000  -0.00000
  10.39965   4.23894  -7.44292   0.00000  -1.07964   2.64875  10.39965  -4.23894   0.00000  -0.00000  -1.07964  -2.64875  -7.44292
   0.00000  -0.00000   0.00000   0.00000   0.00000  -0.00000  -0.00000  -0.00000  -0.00000   0.00000  -0.00000  -0.00000   0.00000
  -0.00000  -0.00000  -0.00000  -0.00000  -0.00000   0.00000  -0.00000   0.00000  -0.00000   0.00000   0.00000  -0.00000  -0.00000
   0.00000  -0.00000   0.00000   0.00000   0.00000  -0.00000  -0.00000  -0.00000   0.00000  -0.00000  -0.00000  -0.00000  -0.00000
  -0.00000   0.00000  -0.00000   0.00000   0.00000  -0.00000   0.00000   0.00000  -0.00000  -0.00000  -0.00000   0.00000   0.00000
  -0.00000   0.00000  -0.00000   0.00000  -0.00000  -0.00000  -0.00000  -0.00000   0.00000   0.00000   0.00000  -0.00000   0.00000
  -0.00000   0.00000   0.00000   0.00000  -0.00000  -0.00000  -0.00000  -0.00000   0.00000  -0.00000  -0.00000   0.00000  -0.00000
  -0.00000  -0.00000  -0.00000  -0.00000   0.00000  -0.00000   0.00000  -0.00000   0.00000   0.00000  -0.00000  -0.00000   0.00000
  -0.00000   0.00000   0.00000   0.00000  -0.00000  -0.00000  -7.44292   0.00000  -1.07964   2.64875   0.00000   0.00000  10.39965
   4.23894  -1.07964  -2.64875  -7.44292  -0.00000  10.39965  -4.23894   0.00000   0.00000   0.00000  -0.00000  10.39965   4.23894
  -7.44292   0.00000  -1.07964   2.64875  10.39965  -4.23894   0.00000  -0.00000  -1.07964  -2.64875  -7.44292   0.00000  -0.00000
  -0.00000  -0.00000   0.00000   0.00000  -0.00000  -0.00000  -0.00000  -0.00000  -0.00000   0.00000   0.00000   0.00000  -0.00000
   0.00000  -0.00000   0.00000   0.00000   0.00000   0.00000   0.00000  -0.00000  -0.00000   0.00000  -0.00000   0.00000   0.00000
   0.00000  -0.00000  -0.00000  -0.00000  -0.00000  -0.00000   0.00000  -0.00000  -0.00000  -0.00000  -0.00000  -0.00000   0.00000
  -0.00000   0.00000   0.00000  -0.00000   0.00000   0.00000  -0.00000  -0.00000  -0.00000   0.00000   0.00000  -0.00000   0.00000
  -0.00000   0.00000  -0.00000  -0.00000  -0.00000  -0.00000   0.00000   0.00000   0.00000  -0.00000   0.00000  -0.00000  -0.00000
  -0.00000   0.00000   0.00000  -0.00000  -0.00000  -0.00000  -0.00000  -0.00000   0.00000   0.00000   0.00000  -0.00000   0.00000
  -0.00000   0.00000   0.00000   0.00000   0.00000   0.00000  -0.00000  -0.00000   0.00000  -0.00000   0.00000   0.00000   0.00000
  -0.00000  -0.00000  -0.00000  -0.00000  14.88583   0.00000   2.15928  -5.29751  -0.00000  -0.00000 -20.79930  -8.47788   2.15928
   5.29751  14.88583  -0.00000 -20.79930   8.47788   0.00000  -0.00000  -0.00000   0.00000 -20.79930  -8.47788  14.88583   0.00000
   2.15928  -5.29751 -20.79930   8.47788   0.00000   0.00000   2.15928   5.29751  14.88583  -0.00000   1.67949   0.00000  -2.01277
   4.93804  -0.00000  -0.00000 -11.81844  -4.81724  -2.01277  -4.93804   1.67949  -0.00000 -11.81844   4.81724   0.00000  -0.00000
  -0.00000   0.00000 -11.81844  -4.81724   1.67949   0.00000  -2.01277   4.93804 -11.81844   4.81724   0.00000   0.00000  -2.01277
  -4.93804   1.67949   0.00000   0.00000   0.00000   0.00000   0.00000  -0.00000   0.00000  -4.81724  11.81844   0.00000  -0.00000
   0.00000   0.00000   4.81724  11.81844  -0.00000  -0.00000  -0.00000  -0.00000   4.81724 -11.81844   0.00000   0.00000   0.00000
  -0.00000  -4.81724 -11.81844  -0.00000   0.00000   0.00000   0.00000   0.00000  -0.00000  -0.00000   0.00000   0.00000  -0.00000
   4.08653   0.00000  -2.98309   7.31861   0.00000   0.00000   0.00000  -0.00000  -2.98309  -7.31861   4.08653   0.00000   4.08653
  -0.00000  -2.98309   7.31861  -0.00000  -0.00000   0.00000  -0.00000  -2.98309  -7.31861   4.08653  -0.00000   0.00000   0.00000
  -0.00000   0.00000   0.00000   0.00000   0.00000   0.00000  -0.00000   0.00000  -4.81724  11.81844   0.00000  -0.00000   0.00000
   0.00000   4.81724  11.81844  -0.00000  -0.00000  -0.00000  -0.00000   4.81724 -11.81844   0.00000   0.00000   0.00000  -0.00000
  -4.81724 -11.81844  -0.00000   0.00000   0.00000   0.00000   0.00000  -0.00000   1.67949   0.00000  -2.01277   4.93804   0.00000
   0.00000  11.81844   4.81724  -2.01277  -4.93804   1.67949  -0.00000  11.81844  -4.81724   0.00000   0.00000   0.00000  -0.00000
  11.81844   4.81724   1.67949   0.00000  -2.01277   4.93804  11.81844  -4.81724   0.00000  -0.00000  -2.01277  -4.93804   1.67949
   0.00000  -0.00000  -0.00000   0.00000  -0.00000  -0.00000   4.08653  -7.31861  -2.98309   0.00000   0.00000   0.00000   0.00000
   7.31861  -2.98309   0.00000   4.08653  -0.00000  -4.08653   7.31861   2.98309   0.00000  -0.00000   0.00000  -0.00000  -7.31861
   2.98309   0.00000  -4.08653   0.00000   0.00000  -0.00000  -0.00000  -0.00000   0.00000   0.00000  -0.00000   4.08653   0.00000
  -2.98309   7.31861   0.00000   0.00000   0.00000  -0.00000  -2.98309  -7.31861   4.08653   0.00000   4.08653  -0.00000  -2.98309
   7.31861  -0.00000  -0.00000   0.00000  -0.00000  -2.98309  -7.31861   4.08653  -0.00000   0.00000   0.00000  -0.00000   0.00000
  -0.00000  -0.00000   0.00000  -0.00000  -0.00000   4.08653  -7.31861  -2.98309   0.00000   0.00000   0.00000   0.00000   7.31861
  -2.98309   0.00000   4.08653  -0.00000  -4.08653   7.31861   2.98309   0.00000  -0.00000   0.00000  -0.00000  -7.31861   2.98309
   0.00000  -4.08653   0.00000   0.00000  -0.00000  -0.00000  -3.35899   0.00000   4.02553  -9.87608  -0.00000  -0.00000  -0.00000
  -0.00000   4.02553   9.87608  -3.35899  -0.00000  -0.00000   0.00000   0.00000   0.00000  -0.00000   0.00000  -0.00000  -0.00000
  -3.35899   0.00000   4.02553  -9.87608  -0.00000   0.00000   0.00000  -0.00000   4.02553   9.87608  -3.35899  -0.00000  -7.43622
   0.00000  -3.02682   0.80598  -0.57960  -0.00000  11.18547   1.08296  -3.02682  -0.80598  -7.43622  -0.00000  11.18547  -1.08296
  -0.57960  -0.00000  -0.57960   0.00000  11.18547   1.08296  -7.43622   0.00000  -3.02682   0.80598  11.18547  -1.08296  -0.57960
   0.00000  -3.02682  -0.80598  -7.43622   0.00000   0.00000   0.00000   0.00000   0.00000  -0.00000   0.00000   0.00000  -0.00000
   0.00000  -0.00000   0.00000   0.00000   0.00000  -0.00000  -0.00000   0.00000  -0.00000  -0.00000   0.00000   0.00000   0.00000
   0.00000   0.00000  -0.00000   0.00000   0.00000  -0.00000  -0.00000   0.00000   0.00000   0.00000  -0.00000  -0.00000   0.00000
  -0.00000  -0.00000  -0.00000   0.00000  -0.00000  -0.00000  -0.00000   0.00000   0.00000  -0.00000  -0.00000   0.00000   0.00000
   0.00000  -0.00000  -0.00000  -0.00000  -0.00000   0.00000  -0.00000  -0.00000   0.00000  -0.00000   0.00000   0.00000  -0.00000
  -0.00000  -0.00000  -0.00000   0.00000   0.00000   0.00000   0.00000   0.00000  -0.00000   0.00000   0.00000  -0.00000   0.00000
  -0.00000   0.00000   0.00000   0.00000  -0.00000  -0.00000   0.00000  -0.00000  -0.00000   0.00000   0.00000   0.00000   0.00000
   0.00000  -0.00000   0.00000   0.00000  -0.00000  -0.00000   0.00000   0.00000   0.00000  -0.00000  -7.43622   0.00000  -3.02682
   0.80598  -0.57960  -0.00000  11.18547   1.08296  -3.02682  -0.80598  -7.43622  -0.00000  11.18547  -1.08296  -0.57960   0.00000
  -0.57960   0.00000  11.18547   1.08296  -7.43622   0.00000  -3.02682   0.80598  11.18547  -1.08296  -0.57960  -0.00000  -3.02682
  -0.80598  -7.43622   0.00000  -0.00000  -0.00000   0.00000  -0.00000   0.00000   0.00000  -0.00000  -0.00000   0.00000   0.00000
   0.00000   0.00000   0.00000  -0.00000   0.00000   0.00000   0.00000  -0.00000   0.00000   0.00000   0.00000  -0.00000   0.00000
   0.00000  -0.00000   0.00000   0.00000  -0.00000   0.00000  -0.00000  -0.00000  -0.00000  -0.00000   0.00000  -0.00000  -0.00000
  -0.00000   0.00000  -0.00000  -0.00000  -0.00000   0.00000   0.00000  -0.00000  -0.00000   0.00000   0.00000   0.00000  -0.00000
  -0.00000  -0.00000  -0.00000   0.00000  -0.00000  -0.00000   0.00000  -0.00000   0.00000   0.00000  -0.00000  -0.00000  -0.00000
  -0.00000   0.00000  -0.00000  -0.00000   0.00000  -0.00000   0.00000   0.00000  -0.00000  -0.00000   0.00000   0.00000   0.00000
   0.00000   0.00000  -0.00000   0.00000   0.00000   0.00000  -0.00000   0.00000   0.00000   0.00000  -0.00000   0.00000   0.00000
  -0.00000   0.00000   0.00000  -0.00000   0.00000  -0.00000  -0.00000  -0.00000  14.87244   0.00000   6.05363  -1.61197   1.15920
  -0.00000 -22.37093  -2.16593   6.05363   1.61197  14.87244  -0.00000 -22.37093   2.16593   1.15920  -0.00000   1.15920   0.00000
 -22.37093  -2.16593  14.87244   0.00000   6.05363  -1.61197 -22.37093   2.16593   1.15920   0.00000   6.05363   1.61197  14.87244
  -0.00000
