   0.00000  -0.00000   0.00000   0.00000  11.47922  11.47922  33.12618  50.23249  50.23249  54.65213  54.65213  67.47773  70.25534
   1.00000   1.64640   2.22721   3.13120  11.60190  11.76987  33.09092  50.22454  54.66370  54.68604  57.69114  61.26791  70.26089
   2.00000   3.72408   4.40844   5.96226  11.94900  12.58406  32.98855  50.20462  54.69220  54.78026  57.34946  61.72892  70.28060
   3.00000   5.63524   6.49895   8.77774  12.46533  13.78227  32.82753  50.18398  54.71326  54.91543  56.98304  62.33084  70.32224
   4.00000   7.41504   8.45680  11.51003  13.08421  15.20567  32.61701  50.17942  54.67600  55.06883  56.74592  62.98429  70.39451
   5.00000   9.05567  10.24495  13.62290  14.22362  16.71522  32.36179  50.21042  54.53717  55.22482  56.74930  63.63763  70.50187
   6.00000  10.54166  11.83355  14.26812  16.63359  18.20251  32.05897  50.29518  54.33613  55.38338  57.00425  64.25676  70.64005
   7.00000  11.85051  13.20245  14.81585  18.87669  19.58807  31.69738  50.44622  54.16876  55.56295  57.45420  64.81574  70.79398
   8.00000  12.94797  14.34329  15.32687  20.81743  20.86642  31.26035  50.66735  54.11936  55.79590  58.04353  65.29322  70.93913
   9.00000  13.79500  15.26110  15.85841  21.85756  22.55817  30.73069  50.95376  54.24700  56.11750  58.72863  65.67143  71.04530
  10.00000  14.39828  15.97476  16.44546  22.69328  23.91944  30.09656  51.29552  54.58869  56.55225  59.47097  65.93610  71.08117
  11.00000  14.85430  16.51617  17.05155  23.32272  24.93394  29.35630  51.68176  55.15920  57.10450  60.23384  66.07683  71.01821
  12.00000  15.29212  16.92747  17.61693  23.75224  25.60421  28.52110  52.10163  55.95022  57.75783  60.98253  66.08759  70.83336
  13.00000  15.81221  17.25593  18.10823  23.99150  25.94985  27.61548  52.54228  56.93267  58.48240  61.68567  65.96745  70.51044
  14.00000  16.47538  17.54661  18.51840  24.04961  26.00202  26.67673  52.98684  58.06227  59.24452  62.31672  65.72165  70.04086
  15.00000  17.30391  17.83281  18.85691  23.93133  25.75639  25.79743  53.41444  59.28448  60.01360  62.85505  65.36447  69.42386
  16.00000  18.12490  18.26930  19.15770  23.63221  24.92697  25.37510  53.80206  60.53246  60.76528  63.28285  64.93122  68.66684
  17.00000  18.39692  19.07476  19.69472  23.15252  24.27546  24.77856  54.12717  61.48052  61.70289  63.53244  64.55886  67.78646
  18.00000  18.57519  19.31212  20.81626  22.56225  23.84814  24.07000  54.37031  62.13985  62.59174  63.30990  64.72755  66.81267
  19.00000  18.55365  19.34865  21.96044  21.97360  23.42220  23.67770  54.51748  62.70321  62.72407  62.99721  65.52782  65.80635
  20.00000  18.45502  19.01633  21.36753  21.87818  23.83454  24.23328  54.42637  62.08129  62.89020  63.06878  64.79451  66.82504
  21.00000  17.95034  18.18238  20.77661  21.47788  24.42780  25.20987  54.26718  61.41885  62.51802  62.77408  64.77135  67.95103
  22.00000  16.87665  17.36505  20.06658  21.22367  25.11115  26.04254  54.06150  60.83664  61.60056  62.51001  65.17246  69.03311
  23.00000  15.56330  16.55495  19.22924  21.12034  25.73358  26.67010  53.83292  60.36393  60.68046  62.19254  65.62258  70.01825
  24.00000  14.21073  15.79869  18.33744  21.08229  26.23657  27.10017  53.60487  59.85191  60.03661  61.85639  66.03184  70.87100
  25.00000  12.93556  15.18600  17.46283  21.06691  26.60738  27.36631  53.39921  59.20872  59.79983  61.53783  66.36999  71.56390
  26.00000  11.86592  14.77683  16.68677  21.05893  26.85446  27.51251  53.23542  58.73836  59.66763  61.27218  66.62120  72.07519
  27.00000  11.14187  14.58126  16.11715  21.05426  26.99349  27.58060  53.12967  58.45497  59.60658  61.09349  66.77567  72.38868
  28.00000  10.88403  14.53635  15.89742  21.05263  27.03807  27.59983  53.09308  58.36053  59.59005  61.03000  66.82778  72.49432
  29.00000  11.37422  14.77635  16.52541  21.44217  26.87733  27.92097  52.95428  58.03565  59.47741  60.93794  66.69490  72.45093
  30.00000  11.99242  15.04687  16.65340  22.31377  26.52404  28.21321  52.71402  57.42985  59.24757  60.75410  66.52793  72.41425
  31.00000  12.66128  15.29289  16.46182  23.31292  26.02174  28.47077  52.39382  56.67464  58.91525  60.41508  66.35923  72.36158
  32.00000  13.30802  15.45586  16.09478  24.05568  25.37467  28.78725  52.02067  55.88971  58.50022  59.91990  66.19725  72.26861
  33.00000  13.86914  15.47793  15.59714  24.24594  24.58372  29.27499  51.62535  55.17451  58.02638  59.32088  66.02521  72.11910
  34.00000  14.29170  14.96551  15.30691  23.61797  23.81799  29.91676  51.23958  54.60646  57.52024  58.68971  65.81659  71.90922
  35.00000  14.18162  14.52422  14.91143  22.48584  22.83587  30.58202  50.89239  54.23471  57.00889  58.09097  65.54808  71.64831
  36.00000  13.22737  14.16742  14.63605  21.05258  21.53238  31.17136  50.60616  54.07445  56.51766  57.56937  65.20387  71.35723
  37.00000  12.09141  13.20674  14.47414  19.19995  20.11158  31.65263  50.39351  54.10633  56.06769  57.14919  64.77583  71.06442
  38.00000  10.77127  11.94569  14.13787  16.99004  18.60085  32.03574  50.25604  54.27936  55.67426  56.84494  64.26368  70.79935
  39.00000   9.27281  10.41146  13.65315  14.51218  17.01750  32.34533  50.18526  54.51123  55.34595  56.68232  63.67671  70.58488
  40.00000   7.60818   8.63561  11.83651  13.07623  15.42300  32.60250  50.16547  54.69453  55.08524  56.71085  63.03608  70.43129
  41.00000   5.79247   6.65843   9.02261  12.48349  13.92025  32.81597  50.17747  54.75655  54.89005  56.95256  62.37760  70.33525
  42.00000   3.83660   4.52639   6.12565  11.96417  12.65225  32.98188  50.20224  54.72591  54.75584  57.32749  61.75879  70.28385
  43.00000   1.70954   2.28958   3.21128  11.60687  11.78822  33.08898  50.22403  54.67461  54.67773  57.68333  61.27776  70.26132
  44.00000  -0.00000   0.00000   0.00000  11.47922  11.47922  33.12618  50.23249  50.23249  54.65213  54.65213  67.47773  70.25534
  45.00000   2.21669   2.21669   4.33909  11.56285  11.56285  33.10981  50.24037  50.24037  54.58199  54.58199  67.44378  70.16201
  46.00000   4.36482   4.36482   8.59794  11.79526  11.79526  33.04653  50.26783  50.26783  54.37633  54.37633  67.34802  69.89183
  47.00000   6.37766   6.37766  12.12562  12.12562  12.69642  32.89494  50.32571  50.32571  54.04919  54.04919  67.20850  69.47379
  48.00000   8.19273   8.19273  12.48172  12.48172  16.55509  32.58999  50.42992  50.42993  53.62333  53.62333  67.05429  68.95432
  49.00000   9.75521   9.75521  12.78216  12.78216  20.09698  32.04972  50.59811  50.59811  53.12902  53.12902  66.92335  68.39324
  50.00000  11.02239  11.02239  12.94626  12.94626  23.25121  31.18567  50.84526  50.84526  52.60178  52.60178  66.85848  67.85623
  51.00000  11.96852  11.96852  12.90139  12.90139  25.95927  29.91675  51.17896  51.17896  52.07905  52.07905  66.90055  67.40380
  52.00000  12.58883  12.58883  12.58883  12.58884  28.18366  28.18367  51.59563  51.59563  51.59563  51.59563  67.07932  67.07932
  53.00000  12.71501  12.71501  12.81244  12.81244  28.15460  28.15460  51.61087  51.61087  51.64293  51.64293  67.10831  67.10831
  54.00000  13.07052  13.07052  13.44068  13.44068  28.07808  28.07809  51.65579  51.65579  51.77390  51.77390  67.20186  67.20186
  55.00000  13.59342  13.59342  14.36468  14.36468  27.98224  27.98224  51.72532  51.72532  51.96665  51.96665  67.37498  67.37498
  56.00000  14.19947  14.19947  15.44861  15.44861  27.90358  27.90358  51.80537  51.80537  52.21172  52.21172  67.63975  67.63975
  57.00000  14.79930  14.79930  16.56253  16.56253  27.87688  27.87688  51.87863  51.87863  52.52282  52.52282  67.99436  67.99436
  58.00000  15.31066  15.31066  17.60238  17.60238  27.92562  27.92562  51.94497  51.94497  52.92081  52.92081  68.41896  68.41896
  59.00000  15.66640  15.66640  18.50240  18.50240  28.05268  28.05268  52.03122  52.03122  53.41535  53.41535  68.87966  68.87966
  60.00000  15.82146  15.82146  19.24052  19.24052  28.23397  28.23397  52.17983  52.17983  54.00092  54.00092  69.33666  69.33666
  61.00000  15.76040  15.76040  19.83099  19.83099  28.42232  28.42232  52.43192  52.43192  54.65909  54.65909  69.75204  69.75204
  62.00000  15.50135  15.50135  20.30652  20.30652  28.56293  28.56293  52.81446  52.81446  55.36178  55.36178  70.09469  70.09469
  63.00000  15.09192  15.09192  20.70246  20.70246  28.61083  28.61083  53.33397  53.33397  56.07505  56.07505  70.34282  70.34282
  64.00000  14.59874  14.59874  21.05094  21.05094  28.53962  28.53962  53.97634  53.97634  56.76285  56.76285  70.48487  70.48487
  65.00000  14.09551  14.09551  21.38158  21.38158  28.34019  28.34019  54.71126  54.71126  57.39030  57.39030  70.51979  70.51979
  66.00000  13.65160  13.65160  21.72293  21.72293  28.01476  28.01476  55.49817  55.49817  57.92609  57.92609  70.45726  70.45726
  67.00000  13.32164  13.32164  22.10179  22.10179  27.57155  27.57155  56.29114  56.29114  58.34415  58.34416  70.31784  70.31784
  68.00000  13.13687  13.13687  22.53897  22.53897  27.02328  27.02328  57.04175  57.04175  58.62502  58.62502  70.13279  70.13279
  69.00000  13.10145  13.10145  23.03907  23.03907  26.39291  26.39291  57.70041  57.70041  58.75741  58.75741  69.94268  69.94268
  70.00000  13.19600  13.19600  23.55523  23.55523  25.74570  25.74570  58.21527  58.21527  58.74323  58.74323  69.79327  69.79327
  71.00000  13.38686  13.38686  23.80876  23.80876  25.36836  25.36836  58.46351  58.46351  58.67350  58.67350  69.72717  69.72717
  72.00000  13.25802  13.25802  23.38673  23.38673  25.78091  25.78091  58.26829  58.26829  58.71729  58.71729  69.80431  69.80431
  73.00000  13.12200  13.12200  22.50589  22.50589  26.48059  26.48059  57.91828  57.91828  58.67054  58.67054  70.01297  70.01297
  74.00000  13.00361  13.00361  21.48114  21.48114  27.12988  27.12988  57.52816  57.52816  58.50271  58.50271  70.32039  70.32039
  75.00000  12.93580  12.93580  20.38968  20.38968  27.65419  27.65419  57.14605  57.14605  58.25839  58.25839  70.67972  70.67972
  76.00000  12.95521  12.95521  19.27480  19.27480  28.04010  28.04010  56.80713  56.80713  57.98596  57.98596  71.04308  71.04308
  77.00000  13.09351  13.09351  18.18145  18.18145  28.29968  28.29968  56.53328  56.53328  57.72864  57.72864  71.36891  71.36891
  78.00000  13.36049  13.36049  17.17153  17.17153  28.45719  28.45719  56.33484  56.33484  57.52105  57.52105  71.62467  71.62467
  79.00000  13.70233  13.70233  16.35796  16.35796  28.53868  28.53868  56.21526  56.21526  57.38742  57.38742  71.78727  71.78727
  80.00000  13.89599  13.89599  16.00254  16.00254  28.56348  28.56348  56.17535  56.17535  57.34145  57.34145  71.84298  71.84298
  81.00000  14.19467  14.19467  16.35396  16.35396  28.69726  28.69726  56.05528  56.05528  57.15375  57.15375  71.76607  71.76607
  82.00000  14.59452  14.59452  16.85200  16.85200  28.79180  28.79180  55.81777  55.81777  56.76611  56.76611  71.64186  71.64186
  83.00000  15.04207  15.04207  17.41989  17.41989  28.84371  28.84371  55.47890  55.47890  56.21698  56.21698  71.46459  71.46459
  84.00000  15.48049  15.48049  17.97654  17.97654  28.84771  28.84771  55.06022  55.06022  55.56269  55.56270  71.22474  71.22474
  85.00000  15.85486  15.85486  18.44611  18.44611  28.79621  28.79621  54.58775  54.58775  54.86986  54.86987  70.91403  70.91403
  86.00000  16.11637  16.11637  18.76264  18.76264  28.68298  28.68298  54.09027  54.09028  54.20521  54.20521  70.52984  70.52984
  87.00000  16.22614  16.22614  18.87071  18.87071  28.51158  28.51158  53.59697  53.59697  53.62374  53.62375  70.07828  70.07828
  88.00000  16.15906  16.15906  18.72536  18.72536  28.30432  28.30432  53.13450  53.13450  53.15733  53.15733  69.57577  69.57577
  89.00000  15.90747  15.90747  18.29743  18.29743  28.10259  28.10259  52.72412  52.72412  52.80808  52.80808  69.04907  69.04907
  90.00000  15.48430  15.48430  17.58736  17.58736  27.95258  27.95258  52.37945  52.37945  52.55069  52.55069  68.53314  68.53314
  91.00000  14.92497  14.92497  16.64018  16.64018  27.88419  27.88419  52.10571  52.10571  52.34473  52.34473  68.06594  68.06594
  92.00000  14.28726  14.28726  15.54900  15.54900  27.89931  27.89931  51.90057  51.90057  52.15318  52.15318  67.68028  67.68028
  93.00000  13.64834  13.64834  14.44566  14.44566  27.97478  27.97478  51.75645  51.75645  51.96015  51.96015  67.39479  67.39479
  94.00000  13.09745  13.09745  13.48533  13.48533  28.07288  28.07288  51.66339  51.66339  51.77908  51.77908  67.20950  67.20950
  95.00000  12.72221  12.72222  12.82504  12.82504  28.15299  28.15299  51.61198  51.61198  51.64536  51.64536  67.11002  67.11002
  96.00000  12.58883  12.58883  12.58883  12.58884  28.18366  28.18367  51.59563  51.59563  51.59563  51.59563  67.07932  67.07932
