   -1.779441
  -13.409405
    1.819258
   -2.304831
   -1.472732
   -2.067088
   -1.181900
   -0.740697
    0.293717
   -1.467471
  -12.658604
   -3.181507
   -5.828722
   -5.821811
   -1.472255
   -0.312885
   -0.388638
   -1.533501
   -0.735596
   -2.296413
    2.126446
    2.278490
   -0.046359
    1.274049
    1.762275
   -1.580808
   -0.535017
   -1.601015
   -0.451711
   -1.785041
    1.694501
   -0.959900
   -2.145746
   -1.040764
    1.068967
   -0.209141
   -0.362446
2.05      !              for ZnO