   -1.817647
  -11.049430
    1.766658
   -2.670641
   -1.244044
   -2.288265
   -1.123033
   -1.154124
   -0.120311
   -1.655433
  -10.502096
   -3.352297
   -5.523111
   -5.518073
   -1.554896
   -0.899270
   -0.951121
   -1.709187
   -0.657634
   -2.419962
    2.372286
    3.010092
    0.483387
    2.172588
    2.078174
   -1.989420
   -0.795074
   -1.365147
   -0.807738
   -2.289526
    1.974899
   -0.907126
   -2.430214
   -1.478870
    1.053474
   -0.032089
   -0.708762
2.05      !              for ZnO