   -1.546556
  -11.049430
    1.351503
   -2.650831
   -1.037099
   -2.491678
   -1.027964
   -1.621929
   -0.444365
   -1.602058
  -10.502096
   -3.445013
   -5.523111
   -5.518073
   -1.461652
   -1.043836
   -1.105648
   -1.964878
   -0.450152
   -2.435981
    2.516220
    3.106202
    0.801720
    1.979310
    2.314417
   -1.979652
   -0.673722
   -1.194258
   -0.658495
   -2.388093
    2.251549
   -0.402305
   -2.406640
   -1.968557
    0.669889
    0.249417
   -0.837390
2.05      !              for ZnO