-1.135034759
-23.46665954
-0.623973696
-1.147834135
-1.024394663
-0.731205551
0.120523659
0.014507864
0.041815557
-0.399779381
-21.83731705
-2.865262415
-7.015525575
-7.000526684
-0.339910046
-0.584558488
-0.33122617
-0.624202386
0.407122486
-1.569575018
-0.10185157
-0.04904095
0.086414603
0.059962912
-0.07067459
-0.69941294
-0.104014159
-0.050082224
0.080086202
-0.055571647
0.072175206
0.091123589
0.03037453
0.014625163
0.052610229
0.036506127
0.021076822
2.05      !              for ZnO

!   GaN parameters --------------------
-1.89172459845580
-39.1110992400010
-1.03995616005116
-1.91305689148375
-1.70732443872668
-1.21867591838648
0.200872765750699
0.0241797726228381
0.0696925950296911
-0.666298968246822
-36.3955284090836
-4.77543735765541
-11.6925426258172
-11.6675444739447
-0.566516743496603
-0.974264147167558
-0.552043616487524
-1.04033731044610
0.678537477452738
-2.61595836410439
-0.169752616255797
-0.0817349160869572
0.144024338788480
0.0999381860462053
-0.117790983717809
-1.16568823314437
-0.173356931528274
-0.0834703733237567
0.133477002611694
-0.0926194116363081
0.120292010511613
0.151872648640677
0.0506242162135591
0.0243752712355732
0.0876837145752365
0.0608435452934937
0.0351280372536498
1.155    !  GaN