   -2.087212
  -10.444477
    1.921922
   -2.900217
   -1.560821
   -2.288662
   -1.438046
   -0.912968
    0.285755
   -1.935812
   -9.951876
   -3.492899
   -5.470790
   -5.466256
   -1.428638
   -0.666468
   -0.776210
   -1.431826
   -1.061041
   -2.640727
    2.409846
    2.975218
    0.032980
    2.538715
    1.460820
   -1.768453
   -0.767687
   -1.707632
   -0.493918
   -2.522731
    1.600852
   -1.251929
   -2.650144
   -1.165057
    1.637013
   -0.451781
   -0.615961
2.05      !              for ZnO