   -1.606102
  -11.721600
    1.647704
   -2.606923
   -1.319733
   -2.324998
   -1.176109
   -1.322742
   -0.366188
   -1.410399
  -11.113451
   -3.364601
   -5.581246
   -5.575648
   -1.532007
   -1.020510
   -0.839359
   -1.717630
   -0.553606
   -2.404063
    2.326570
    3.153447
    0.623110
    1.966803
    2.138316
   -1.874070
   -0.713290
   -1.261994
   -0.823325
   -2.210840
    2.120660
   -0.565816
   -2.262527
   -1.656940
    0.690603
   -0.011247
   -0.736712
2.05      !              for ZnO