 -1.366396
  -16.818644
    0.672013
   -1.450410
   -0.867002
   -1.535228
   -0.741926
   -0.007082
    0.331699
   -0.630117
  -15.775865
   -2.708455
   -6.289918
   -6.280319
   -0.315939
   -0.566535
   -0.442564
   -1.106613
    0.260725
   -1.736627
    1.034907
    1.120082
    0.396244
    1.127174
    1.161383
   -0.752903
    0.773459
   -0.596119
    0.376920
   -0.794622
    1.309343
   -0.442691
   -1.274589
   -0.488880
    0.282399
    0.184708
   -0.347206
2.05      !              for ZnO