   3.25  : xa   ! in angs.
  0.8660254037d0  -0.5000000d0    : a1(j)
  0.0000000d0      1.0000000d0    : a2(j)
  1.154700538d0    0.57735027d0   : b1_x, b2_x
     0.d0          1.0d0          : b1_y, b2_y 
 
0    0      120.   : isp, nk, dnom   !  56
              0    0    0     2.0  ! Gamma (in r.l.v.)
              3    0    0     2.0
              6    0    0     2.0
              9    0    0     2.0
              12    0    0     2.0
              15    0    0     2.0
              18    0    0     2.0
              21    0    0     2.0
              24    0    0     2.0
              27    0    0     2.0
             30    0    0   2.0  ! SIGMA 
             33    0    0     2.0
             36    0    0     2.0
             39    0    0     2.0
             42    0    0     2.0
             45    0    0     2.0
             48    0    0     2.0
             51    0    0     2.0
             54    0    0     2.0
             57    0    0     2.0
             60    0    0     2.0   ! M
             58    4    0     2.0
             56    8    0     2.0
             54    12    0     2.0
             52    16    0     2.0
             50    20    0     2.0
             48   24    0     2.0
             46   28    0     2.0
             44   32    0     2.0
             42   36    0     2.0
             40   40    0   2.0   ! K
             38   38    0     2.0
             36   36    0     2.0
             34   34    0     2.0
             32   32    0     2.0
             30   30    0     2.0
             28   28    0     2.0
             26   26    0     2.0
             24   24    0     2.0
             22   22    0     2.0
             20   20    0     2.0  ! LAMBDA
              18    18    0     2.0
              16    16    0     2.0
              14    14    0     2.0
              12    12    0     2.0
              10    10    0     2.0
              8    8    0     2.0
              6    6    0     2.0
              4    4    0     2.0
              2    2    0     2.0
              0    0    0     2.0   ! GAMMA
              0    0   12      2
              0    0   24      2   
              0    0   36      2   
              0    0   48      2   
              0    0   60      2    ! A 
